50 -50 0 
50.3232 -50.0059 -0.000450921 
50.6465 -50.0118 -0.000901841 
50.9697 -50.0177 -0.00135276 
51.293 -50.0236 -0.00180368 
51.6162 -50.0295 -0.0022546 
51.9395 -50.0354 -0.00270552 
52.2627 -50.0413 -0.00315645 
52.5859 -50.0472 -0.00360737 
52.9092 -50.0531 -0.00405829 
53.2324 -50.059 -0.00450921 
53.5557 -50.0649 -0.00496013 
53.8789 -50.0708 -0.00541105 
54.2022 -50.0767 -0.00586197 
54.5254 -50.0827 -0.00631289 
54.8487 -50.0886 -0.00676381 
55.1719 -50.0945 -0.00721473 
55.4951 -50.1004 -0.00766565 
55.8184 -50.1063 -0.00811657 
56.1416 -50.1122 -0.00856749 
56.4649 -50.1181 -0.00901841 
56.7881 -50.124 -0.00946934 
57.1114 -50.1299 -0.00992026 
57.4346 -50.1358 -0.0103712 
57.7578 -50.1417 -0.0108221 
58.0811 -50.1476 -0.011273 
58.4043 -50.1535 -0.0117239 
58.7276 -50.1594 -0.0121749 
59.0508 -50.1653 -0.0126258 
59.3741 -50.1712 -0.0130767 
59.6973 -50.1771 -0.0135276 
60.0206 -50.183 -0.0139785 
60.3438 -50.1889 -0.0144295 
60.667 -50.1948 -0.0148804 
60.9903 -50.2007 -0.0153313 
61.3135 -50.2066 -0.0157822 
61.6368 -50.2125 -0.0162331 
61.96 -50.2184 -0.0166841 
62.2833 -50.2243 -0.017135 
62.6065 -50.2302 -0.0175859 
62.9297 -50.2362 -0.0180368 
63.253 -50.2421 -0.0184877 
63.5762 -50.248 -0.0189387 
63.8995 -50.2539 -0.0193896 
64.2227 -50.2598 -0.0198405 
64.546 -50.2657 -0.0202914 
64.8692 -50.2716 -0.0207424 
65.1925 -50.2775 -0.0211933 
65.5157 -50.2834 -0.0216442 
65.8389 -50.2893 -0.0220951 
66.1622 -50.2952 -0.022546 
66.4854 -50.3011 -0.022997 
66.8087 -50.307 -0.0234479 
67.1319 -50.3129 -0.0238988 
67.4552 -50.3188 -0.0243497 
67.7784 -50.3247 -0.0248006 
68.1016 -50.3306 -0.0252516 
68.4249 -50.3365 -0.0257025 
68.7481 -50.3424 -0.0261534 
69.0714 -50.3483 -0.0266043 
69.3946 -50.3542 -0.0270552 
69.7179 -50.3601 -0.0275062 
70.0411 -50.366 -0.0279571 
70.3644 -50.3719 -0.028408 
70.6876 -50.3778 -0.0288589 
71.0108 -50.3837 -0.0293098 
71.3341 -50.3897 -0.0297608 
71.6573 -50.3956 -0.0302117 
71.9806 -50.4015 -0.0306626 
72.3038 -50.4074 -0.0311135 
72.6271 -50.4133 -0.0315645 
72.9503 -50.4192 -0.0320154 
73.2735 -50.4251 -0.0324663 
73.5968 -50.431 -0.0329172 
73.92 -50.4369 -0.0333681 
74.2433 -50.4428 -0.0338191 
74.5665 -50.4487 -0.03427 
74.8898 -50.4546 -0.0347209 
75.213 -50.4605 -0.0351718 
75.5363 -50.4664 -0.0356227 
75.8595 -50.4723 -0.0360737 
76.1827 -50.4782 -0.0365246 
76.5056 -50.4959 -0.0369755 
76.8284 -50.5136 -0.0374264 
77.1512 -50.5313 -0.0378773 
77.474 -50.549 -0.0383283 
77.7968 -50.5667 -0.0387792 
78.1196 -50.5844 -0.0392301 
78.4424 -50.6021 -0.039681 
78.7652 -50.6198 -0.0401319 
79.0881 -50.6375 -0.0405829 
79.4109 -50.6552 -0.0410338 
79.7337 -50.6729 -0.0414847 
80.0565 -50.6907 -0.0419356 
80.3793 -50.7084 -0.0423865 
80.7021 -50.7261 -0.0428375 
81.0249 -50.7438 -0.0432884 
81.3477 -50.7615 -0.0437393 
81.6706 -50.7792 -0.0441902 
81.9934 -50.7969 -0.0446412 
82.3162 -50.8146 -0.0450921 
82.639 -50.8323 -0.045543 
82.9618 -50.85 -0.0459939 
83.2846 -50.8677 -0.0464448 
83.6074 -50.8854 -0.0468958 
83.9302 -50.9031 -0.0473467 
84.2531 -50.9208 -0.0477976 
84.5759 -50.9385 -0.0482485 
84.8987 -50.9562 -0.0486994 
85.2215 -50.9739 -0.0491504 
85.5443 -50.9916 -0.0496013 
85.8671 -51.0093 -0.0500522 
86.1899 -51.027 -0.0505031 
86.5127 -51.0447 -0.050954 
86.8356 -51.0624 -0.051405 
87.1584 -51.0801 -0.0518559 
87.4812 -51.0978 -0.0523068 
87.804 -51.1155 -0.0527577 
88.1268 -51.1332 -0.0532086 
88.4496 -51.1509 -0.0536596 
88.7724 -51.1687 -0.0541105 
89.0952 -51.1864 -0.0545614 
89.4181 -51.2041 -0.0550123 
89.7409 -51.2218 -0.0554632 
90.0637 -51.2395 -0.0559142 
90.3865 -51.2572 -0.0563651 
90.7093 -51.2749 -0.056816 
91.0321 -51.2926 -0.0572669 
91.3549 -51.3103 -0.0577179 
91.6777 -51.328 -0.0581688 
92.0006 -51.3457 -0.0586197 
92.3234 -51.3634 -0.0590706 
92.6462 -51.3811 -0.0595215 
92.969 -51.3988 -0.0599725 
93.2918 -51.4165 -0.0604234 
93.6146 -51.4342 -0.0608743 
93.9374 -51.4519 -0.0613252 
94.2602 -51.4696 -0.0617761 
94.5831 -51.4873 -0.0622271 
94.9059 -51.505 -0.062678 
95.2287 -51.5227 -0.0631289 
95.5515 -51.5404 -0.0635798 
95.8743 -51.5581 -0.0640307 
96.1971 -51.5758 -0.0644817 
96.5199 -51.5935 -0.0649326 
96.8427 -51.6112 -0.0653835 
97.1656 -51.6289 -0.0658344 
97.4884 -51.6466 -0.0662853 
97.8112 -51.6644 -0.0667363 
98.134 -51.6821 -0.0671872 
98.4568 -51.6998 -0.0676381 
98.7796 -51.7175 -0.068089 
99.1024 -51.7352 -0.0685399 
99.4252 -51.7529 -0.0689909 
99.7481 -51.7706 -0.0694418 
100.071 -51.7883 -0.0698927 
100.394 -51.806 -0.0703436 
100.716 -51.8237 -0.0707946 
101.039 -51.8414 -0.0712455 
101.362 -51.8591 -0.0716964 
101.685 -51.8768 -0.0721473 
102.008 -51.8945 -0.0725982 
102.331 -51.9122 -0.0730492 
102.653 -51.9417 -0.0735001 
102.974 -51.9712 -0.073951 
103.296 -52.0006 -0.0744019 
103.618 -52.0301 -0.0748528 
103.94 -52.0596 -0.0753038 
104.262 -52.0891 -0.0757547 
104.584 -52.1186 -0.0762056 
104.906 -52.148 -0.0766565 
105.228 -52.1775 -0.0771074 
105.55 -52.207 -0.0775584 
105.872 -52.2365 -0.0780093 
106.194 -52.266 -0.0784602 
106.516 -52.2954 -0.0789111 
106.838 -52.3249 -0.079362 
107.16 -52.3544 -0.079813 
107.482 -52.3839 -0.0802639 
107.804 -52.4134 -0.0807148 
108.126 -52.4428 -0.0811657 
108.448 -52.4723 -0.0816166 
108.77 -52.5018 -0.0820676 
109.092 -52.5313 -0.0825185 
109.413 -52.5608 -0.0829694 
109.735 -52.5902 -0.0834203 
110.057 -52.6197 -0.0838713 
110.379 -52.6492 -0.0843222 
110.701 -52.6787 -0.0847731 
111.023 -52.7082 -0.085224 
111.345 -52.7376 -0.0856749 
111.667 -52.7671 -0.0861259 
111.989 -52.7966 -0.0865768 
112.311 -52.8261 -0.0870277 
112.633 -52.8556 -0.0874786 
112.955 -52.885 -0.0879295 
113.277 -52.9145 -0.0883805 
113.599 -52.944 -0.0888314 
113.921 -52.9735 -0.0892823 
114.243 -53.003 -0.0897332 
114.565 -53.0324 -0.0901841 
114.887 -53.0619 -0.0906351 
115.209 -53.0914 -0.091086 
115.531 -53.1209 -0.0915369 
115.852 -53.1504 -0.0919878 
116.174 -53.1798 -0.0924387 
116.496 -53.2093 -0.0928897 
116.818 -53.2388 -0.0933406 
117.14 -53.2683 -0.0937915 
117.462 -53.2978 -0.0942424 
117.784 -53.3272 -0.0946934 
118.106 -53.3567 -0.0951443 
118.428 -53.3862 -0.0955952 
118.75 -53.4157 -0.0960461 
119.072 -53.4451 -0.096497 
119.394 -53.4746 -0.096948 
119.716 -53.5041 -0.0973989 
120.038 -53.5336 -0.0978498 
120.36 -53.5631 -0.0983007 
120.682 -53.5925 -0.0987516 
121.004 -53.622 -0.0992026 
121.326 -53.6515 -0.0996535 
121.648 -53.681 -0.100104 
121.97 -53.7105 -0.100555 
122.291 -53.7399 -0.101006 
122.613 -53.7694 -0.101457 
122.935 -53.7989 -0.101908 
123.257 -53.8284 -0.102359 
123.579 -53.8579 -0.10281 
123.901 -53.8873 -0.103261 
124.223 -53.9168 -0.103712 
124.545 -53.9463 -0.104163 
124.867 -53.9758 -0.104614 
125.189 -54.0053 -0.105065 
125.511 -54.0347 -0.105515 
125.833 -54.0642 -0.105966 
126.155 -54.0937 -0.106417 
126.477 -54.1232 -0.106868 
126.799 -54.1527 -0.107319 
127.121 -54.1821 -0.10777 
127.443 -54.2116 -0.108221 
127.765 -54.2411 -0.108672 
128.087 -54.2706 -0.109123 
128.409 -54.3001 -0.109574 
128.729 -54.3413 -0.110025 
129.05 -54.3825 -0.110476 
129.371 -54.4237 -0.110926 
129.691 -54.4649 -0.111377 
130.012 -54.5061 -0.111828 
130.333 -54.5474 -0.112279 
130.653 -54.5886 -0.11273 
130.974 -54.6298 -0.113181 
131.294 -54.671 -0.113632 
131.615 -54.7122 -0.114083 
131.936 -54.7534 -0.114534 
132.256 -54.7947 -0.114985 
132.577 -54.8359 -0.115436 
132.898 -54.8771 -0.115887 
133.218 -54.9183 -0.116338 
133.539 -54.9595 -0.116788 
133.86 -55.0007 -0.117239 
134.18 -55.042 -0.11769 
134.501 -55.0832 -0.118141 
134.822 -55.1244 -0.118592 
135.142 -55.1656 -0.119043 
135.463 -55.2068 -0.119494 
135.784 -55.248 -0.119945 
136.104 -55.2893 -0.120396 
136.425 -55.3305 -0.120847 
136.746 -55.3717 -0.121298 
137.066 -55.4129 -0.121749 
137.387 -55.4541 -0.1222 
137.708 -55.4953 -0.12265 
138.028 -55.5366 -0.123101 
138.349 -55.5778 -0.123552 
138.67 -55.619 -0.124003 
138.99 -55.6602 -0.124454 
139.311 -55.7014 -0.124905 
139.632 -55.7426 -0.125356 
139.952 -55.7839 -0.125807 
140.273 -55.8251 -0.126258 
140.594 -55.8663 -0.126709 
140.914 -55.9075 -0.12716 
141.235 -55.9487 -0.127611 
141.556 -55.9899 -0.128061 
141.876 -56.0312 -0.128512 
142.197 -56.0724 -0.128963 
142.518 -56.1136 -0.129414 
142.838 -56.1548 -0.129865 
143.159 -56.196 -0.130316 
143.48 -56.2372 -0.130767 
143.8 -56.2785 -0.131218 
144.121 -56.3197 -0.131669 
144.442 -56.3609 -0.13212 
144.762 -56.4021 -0.132571 
145.083 -56.4433 -0.133022 
145.404 -56.4845 -0.133473 
145.724 -56.5258 -0.133923 
146.045 -56.567 -0.134374 
146.365 -56.6082 -0.134825 
146.686 -56.6494 -0.135276 
147.007 -56.6906 -0.135727 
147.327 -56.7318 -0.136178 
147.648 -56.7731 -0.136629 
147.969 -56.8143 -0.13708 
148.289 -56.8555 -0.137531 
148.61 -56.8967 -0.137982 
148.931 -56.9379 -0.138433 
149.251 -56.9791 -0.138884 
149.572 -57.0204 -0.139335 
149.893 -57.0616 -0.139785 
150.213 -57.1028 -0.140236 
150.534 -57.144 -0.140687 
150.855 -57.1852 -0.141138 
151.175 -57.2264 -0.141589 
151.496 -57.2677 -0.14204 
151.817 -57.3089 -0.142491 
152.137 -57.3501 -0.142942 
152.458 -57.3913 -0.143393 
152.779 -57.4325 -0.143844 
153.099 -57.4737 -0.144295 
153.42 -57.515 -0.144746 
153.741 -57.5562 -0.145196 
154.061 -57.5974 -0.145647 
154.382 -57.6386 -0.146098 
154.701 -57.6915 -0.146549 
155.02 -57.7444 -0.147 
155.339 -57.7973 -0.147451 
155.658 -57.8502 -0.147902 
155.977 -57.9031 -0.148353 
156.296 -57.956 -0.148804 
156.615 -58.0089 -0.149255 
156.934 -58.0618 -0.149706 
157.252 -58.1147 -0.150157 
157.571 -58.1676 -0.150608 
157.89 -58.2205 -0.151058 
158.209 -58.2734 -0.151509 
158.528 -58.3263 -0.15196 
158.847 -58.3792 -0.152411 
159.166 -58.4321 -0.152862 
159.485 -58.485 -0.153313 
159.804 -58.5379 -0.153764 
160.123 -58.5908 -0.154215 
160.442 -58.6437 -0.154666 
160.761 -58.6966 -0.155117 
161.08 -58.7495 -0.155568 
161.399 -58.8024 -0.156019 
161.718 -58.8553 -0.156469 
162.037 -58.9082 -0.15692 
162.355 -58.9611 -0.157371 
162.674 -59.014 -0.157822 
162.993 -59.0669 -0.158273 
163.312 -59.1198 -0.158724 
163.631 -59.1727 -0.159175 
163.95 -59.2256 -0.159626 
164.269 -59.2785 -0.160077 
164.588 -59.3314 -0.160528 
164.907 -59.3843 -0.160979 
165.226 -59.4372 -0.16143 
165.545 -59.4901 -0.161881 
165.864 -59.543 -0.162331 
166.183 -59.5959 -0.162782 
166.502 -59.6487 -0.163233 
166.821 -59.7016 -0.163684 
167.14 -59.7545 -0.164135 
167.459 -59.8074 -0.164586 
167.777 -59.8603 -0.165037 
168.096 -59.9132 -0.165488 
168.415 -59.9661 -0.165939 
168.734 -60.019 -0.16639 
169.053 -60.0719 -0.166841 
169.372 -60.1248 -0.167292 
169.691 -60.1777 -0.167743 
170.01 -60.2306 -0.168193 
170.329 -60.2835 -0.168644 
170.648 -60.3364 -0.169095 
170.967 -60.3893 -0.169546 
171.286 -60.4422 -0.169997 
171.605 -60.4951 -0.170448 
171.924 -60.548 -0.170899 
172.243 -60.6009 -0.17135 
172.562 -60.6538 -0.171801 
172.881 -60.7067 -0.172252 
173.199 -60.7596 -0.172703 
173.518 -60.8125 -0.173154 
173.837 -60.8654 -0.173604 
174.156 -60.9183 -0.174055 
174.475 -60.9712 -0.174506 
174.794 -61.0241 -0.174957 
175.113 -61.077 -0.175408 
175.432 -61.1299 -0.175859 
175.751 -61.1828 -0.17631 
176.07 -61.2357 -0.176761 
176.389 -61.2886 -0.177212 
176.708 -61.3415 -0.177663 
177.027 -61.3944 -0.178114 
177.346 -61.4473 -0.178565 
177.665 -61.5002 -0.179016 
177.984 -61.5531 -0.179466 
178.303 -61.606 -0.179917 
178.621 -61.6589 -0.180368 
178.94 -61.7118 -0.180819 
179.259 -61.7647 -0.18127 
179.578 -61.8176 -0.181721 
179.897 -61.8705 -0.182172 
180.216 -61.9234 -0.182623 
180.533 -61.9794 -0.182544 
180.851 -62.0354 -0.182464 
181.168 -62.0914 -0.182385 
181.485 -62.1474 -0.182306 
181.803 -62.2034 -0.182226 
182.12 -62.2594 -0.182147 
182.437 -62.3154 -0.182068 
182.755 -62.3714 -0.181988 
183.072 -62.4274 -0.181909 
183.389 -62.4834 -0.18183 
183.706 -62.5394 -0.181751 
184.024 -62.5954 -0.181671 
184.341 -62.6514 -0.181592 
184.658 -62.7074 -0.181513 
184.976 -62.7634 -0.181433 
185.293 -62.8194 -0.181354 
185.61 -62.8754 -0.181275 
185.927 -62.9314 -0.181195 
186.245 -62.9874 -0.181116 
186.562 -63.0434 -0.181037 
186.879 -63.0994 -0.180957 
187.197 -63.1554 -0.180878 
187.514 -63.2114 -0.180799 
187.831 -63.2674 -0.18072 
188.149 -63.3234 -0.18064 
188.466 -63.3794 -0.180561 
188.783 -63.4354 -0.180482 
189.1 -63.4914 -0.180402 
189.418 -63.5474 -0.180323 
189.735 -63.6034 -0.180244 
190.052 -63.6594 -0.180164 
190.37 -63.7154 -0.180085 
190.687 -63.7714 -0.180006 
191.004 -63.8274 -0.179926 
191.322 -63.8834 -0.179847 
191.639 -63.9394 -0.179768 
191.956 -63.9954 -0.179689 
192.273 -64.0514 -0.179609 
192.591 -64.1074 -0.17953 
192.908 -64.1634 -0.179451 
193.225 -64.2194 -0.179371 
193.543 -64.2754 -0.179292 
193.86 -64.3314 -0.179213 
194.177 -64.3874 -0.179133 
194.494 -64.4434 -0.179054 
194.812 -64.4994 -0.178975 
195.129 -64.5554 -0.178895 
195.446 -64.6114 -0.178816 
195.764 -64.6674 -0.178737 
196.081 -64.7234 -0.178658 
196.398 -64.7794 -0.178578 
196.716 -64.8354 -0.178499 
197.033 -64.8914 -0.17842 
197.35 -64.9474 -0.17834 
197.667 -65.0034 -0.178261 
197.985 -65.0594 -0.178182 
198.302 -65.1154 -0.178102 
198.619 -65.1714 -0.178023 
198.937 -65.2274 -0.177944 
199.254 -65.2834 -0.177864 
199.571 -65.3394 -0.177785 
199.888 -65.3954 -0.177706 
200.206 -65.4514 -0.177627 
200.523 -65.5074 -0.177547 
200.84 -65.5634 -0.177468 
201.158 -65.6194 -0.177389 
201.475 -65.6754 -0.177309 
201.792 -65.7314 -0.17723 
202.11 -65.7874 -0.177151 
202.427 -65.8434 -0.177071 
202.744 -65.8994 -0.176992 
203.061 -65.9554 -0.176913 
203.379 -66.0114 -0.176834 
203.696 -66.0674 -0.176754 
204.013 -66.1234 -0.176675 
204.331 -66.1794 -0.176596 
204.648 -66.2354 -0.176516 
204.965 -66.2914 -0.176437 
205.283 -66.3474 -0.176358 
205.6 -66.4034 -0.176278 
205.917 -66.4594 -0.176199 
206.234 -66.5154 -0.17612 
206.552 -66.5714 -0.17604 
206.869 -66.6274 -0.175961 
207.186 -66.6834 -0.175882 
207.504 -66.7394 -0.175803 
207.821 -66.7954 -0.175723 
208.138 -66.8514 -0.175644 
208.455 -66.9074 -0.175565 
208.773 -66.9634 -0.175485 
209.09 -67.0194 -0.175406 
209.407 -67.0754 -0.175327 
209.725 -67.1314 -0.175247 
210.042 -67.1874 -0.175168 
210.359 -67.2434 -0.175089 
210.677 -67.2994 -0.175009 
210.994 -67.3554 -0.17493 
211.311 -67.4114 -0.174851 
211.628 -67.4674 -0.174772 
211.946 -67.5234 -0.174692 
212.263 -67.5794 -0.174613 
212.58 -67.6354 -0.174534 
212.898 -67.6914 -0.174454 
213.215 -67.7474 -0.174375 
213.532 -67.8034 -0.174296 
213.849 -67.8594 -0.174216 
214.167 -67.9154 -0.174137 
214.484 -67.9714 -0.174058 
214.801 -68.0274 -0.173978 
215.119 -68.0834 -0.173899 
215.436 -68.1394 -0.17382 
215.753 -68.1954 -0.173741 
216.071 -68.2514 -0.173661 
216.388 -68.3074 -0.173582 
216.705 -68.3634 -0.173503 
217.022 -68.4194 -0.173423 
217.34 -68.4754 -0.173344 
217.657 -68.5314 -0.173265 
217.974 -68.5874 -0.173185 
218.292 -68.6434 -0.173106 
218.609 -68.6994 -0.173027 
218.926 -68.7554 -0.172947 
219.244 -68.8114 -0.172868 
219.561 -68.8674 -0.172789 
219.878 -68.9234 -0.17271 
220.195 -68.9794 -0.17263 
220.513 -69.0354 -0.172551 
220.83 -69.0914 -0.172472 
221.147 -69.1474 -0.172392 
221.465 -69.2034 -0.172313 
221.782 -69.2594 -0.172234 
222.099 -69.3154 -0.172154 
222.416 -69.3714 -0.172075 
222.734 -69.4274 -0.171996 
223.051 -69.4834 -0.171916 
223.368 -69.5394 -0.171837 
223.686 -69.5954 -0.171758 
224.003 -69.6514 -0.171679 
224.32 -69.7074 -0.171599 
224.638 -69.7634 -0.17152 
224.955 -69.8194 -0.171441 
225.272 -69.8754 -0.171361 
225.589 -69.9314 -0.171282 
225.907 -69.9874 -0.171203 
226.224 -70.0434 -0.171123 
226.541 -70.0994 -0.171044 
226.859 -70.1554 -0.170965 
227.176 -70.2114 -0.170885 
227.493 -70.2674 -0.170806 
227.811 -70.3234 -0.170727 
228.128 -70.3794 -0.170648 
228.445 -70.4354 -0.170568 
228.762 -70.4914 -0.170489 
229.08 -70.5474 -0.17041 
229.397 -70.6034 -0.17033 
229.714 -70.6594 -0.170251 
230.032 -70.7154 -0.170172 
230.349 -70.7714 -0.170092 
230.666 -70.8274 -0.170013 
230.983 -70.8834 -0.169934 
231.301 -70.9394 -0.169855 
231.618 -70.9954 -0.169775 
231.935 -71.0514 -0.169696 
232.253 -71.1074 -0.169617 
232.57 -71.1634 -0.169537 
232.887 -71.2194 -0.169458 
233.205 -71.2754 -0.169379 
233.522 -71.3314 -0.169299 
233.839 -71.3874 -0.16922 
234.156 -71.4434 -0.169141 
234.474 -71.4994 -0.169061 
234.791 -71.5554 -0.168982 
235.108 -71.6114 -0.168903 
235.426 -71.6674 -0.168824 
235.743 -71.7234 -0.168744 
236.06 -71.7794 -0.168665 
236.377 -71.8354 -0.168586 
236.695 -71.8914 -0.168506 
237.012 -71.9474 -0.168427 
237.329 -72.0034 -0.168348 
237.647 -72.0594 -0.168268 
237.964 -72.1154 -0.168189 
238.281 -72.1714 -0.16811 
238.599 -72.2274 -0.16803 
238.916 -72.2834 -0.167951 
239.233 -72.3394 -0.167872 
239.55 -72.3954 -0.167793 
239.868 -72.4514 -0.167713 
240.185 -72.5074 -0.167634 
240.502 -72.5634 -0.167555 
240.82 -72.6194 -0.167475 
241.137 -72.6754 -0.167396 
241.454 -72.7314 -0.167317 
241.772 -72.7874 -0.167237 
242.089 -72.8434 -0.167158 
242.406 -72.8994 -0.167079 
242.723 -72.9554 -0.166999 
243.041 -73.0114 -0.16692 
243.358 -73.0674 -0.166841 
243.675 -73.1234 -0.166762 
243.993 -73.1743 -0.166682 
244.312 -73.2253 -0.166603 
244.63 -73.2762 -0.166524 
244.948 -73.3272 -0.166444 
245.266 -73.3782 -0.166365 
245.584 -73.4291 -0.166286 
245.902 -73.4801 -0.166206 
246.22 -73.531 -0.166127 
246.539 -73.582 -0.166048 
246.857 -73.633 -0.165968 
247.175 -73.6839 -0.165889 
247.493 -73.7349 -0.16581 
247.811 -73.7858 -0.165731 
248.129 -73.8368 -0.165651 
248.447 -73.8878 -0.165572 
248.766 -73.9387 -0.165493 
249.084 -73.9897 -0.165413 
249.402 -74.0406 -0.165334 
249.72 -74.0916 -0.165255 
250.038 -74.1426 -0.165175 
250.356 -74.1935 -0.165096 
250.674 -74.2445 -0.165017 
250.993 -74.2954 -0.164937 
251.311 -74.3464 -0.164858 
251.629 -74.3974 -0.164779 
251.947 -74.4483 -0.1647 
252.265 -74.4993 -0.16462 
252.583 -74.5502 -0.164541 
252.901 -74.6012 -0.164462 
253.22 -74.6522 -0.164382 
253.538 -74.7031 -0.164303 
253.856 -74.7541 -0.164224 
254.174 -74.8051 -0.164144 
254.492 -74.856 -0.164065 
254.81 -74.907 -0.163986 
255.128 -74.9579 -0.163907 
255.447 -75.0089 -0.163827 
255.765 -75.0599 -0.163748 
256.083 -75.1108 -0.163669 
256.401 -75.1618 -0.163589 
256.719 -75.2127 -0.16351 
257.037 -75.2637 -0.163431 
257.355 -75.3147 -0.163351 
257.674 -75.3656 -0.163272 
257.992 -75.4166 -0.163193 
258.31 -75.4675 -0.163113 
258.628 -75.5185 -0.163034 
258.946 -75.5695 -0.162955 
259.264 -75.6204 -0.162876 
259.582 -75.6714 -0.162796 
259.901 -75.7223 -0.162717 
260.219 -75.7733 -0.162638 
260.537 -75.8243 -0.162558 
260.855 -75.8752 -0.162479 
261.173 -75.9262 -0.1624 
261.491 -75.9771 -0.16232 
261.809 -76.0281 -0.162241 
262.128 -76.0791 -0.162162 
262.446 -76.13 -0.162082 
262.764 -76.181 -0.162003 
263.082 -76.2319 -0.161924 
263.4 -76.2829 -0.161845 
263.718 -76.3339 -0.161765 
264.036 -76.3848 -0.161686 
264.355 -76.4358 -0.161607 
264.673 -76.4867 -0.161527 
264.991 -76.5377 -0.161448 
265.309 -76.5887 -0.161369 
265.627 -76.6396 -0.161289 
265.945 -76.6906 -0.16121 
266.263 -76.7415 -0.161131 
266.582 -76.7925 -0.161051 
266.9 -76.8435 -0.160972 
267.218 -76.8944 -0.160893 
267.536 -76.9454 -0.160814 
267.854 -76.9963 -0.160734 
268.172 -77.0473 -0.160655 
268.491 -77.0983 -0.160576 
268.809 -77.1492 -0.160496 
269.127 -77.2002 -0.160417 
269.445 -77.2511 -0.160338 
269.763 -77.3021 -0.160258 
270.081 -77.3531 -0.160179 
270.399 -77.404 -0.1601 
270.718 -77.455 -0.16002 
271.036 -77.5059 -0.159941 
271.354 -77.5569 -0.159862 
271.672 -77.6079 -0.159783 
271.99 -77.6588 -0.159703 
272.308 -77.7098 -0.159624 
272.626 -77.7607 -0.159545 
272.945 -77.8117 -0.159465 
273.263 -77.8627 -0.159386 
273.581 -77.9136 -0.159307 
273.899 -77.9646 -0.159227 
274.217 -78.0156 -0.159148 
274.535 -78.0665 -0.159069 
274.853 -78.1175 -0.158989 
275.172 -78.1684 -0.15891 
275.49 -78.2194 -0.158831 
275.808 -78.2704 -0.158752 
276.126 -78.3213 -0.158672 
276.444 -78.3723 -0.158593 
276.762 -78.4232 -0.158514 
277.08 -78.4742 -0.158434 
277.399 -78.5252 -0.158355 
277.717 -78.5761 -0.158276 
278.035 -78.6271 -0.158196 
278.353 -78.678 -0.158117 
278.671 -78.729 -0.158038 
278.989 -78.78 -0.157959 
279.307 -78.8309 -0.157879 
279.626 -78.8819 -0.1578 
279.944 -78.9328 -0.157721 
280.262 -78.9838 -0.157641 
280.58 -79.0348 -0.157562 
280.898 -79.0857 -0.157483 
281.216 -79.1367 -0.157403 
281.534 -79.1876 -0.157324 
281.853 -79.2386 -0.157245 
282.171 -79.2896 -0.157165 
282.489 -79.3405 -0.157086 
282.807 -79.3915 -0.157007 
283.125 -79.4424 -0.156928 
283.443 -79.4934 -0.156848 
283.761 -79.5444 -0.156769 
284.08 -79.5953 -0.15669 
284.398 -79.6463 -0.15661 
284.716 -79.6972 -0.156531 
285.034 -79.7482 -0.156452 
285.352 -79.7992 -0.156372 
285.67 -79.8501 -0.156293 
285.988 -79.9011 -0.156214 
286.307 -79.952 -0.156134 
286.625 -80.003 -0.156055 
286.943 -80.054 -0.155976 
287.261 -80.1049 -0.155897 
287.579 -80.1559 -0.155817 
287.897 -80.2068 -0.155738 
288.215 -80.2578 -0.155659 
288.534 -80.3088 -0.155579 
288.852 -80.3597 -0.1555 
289.17 -80.4107 -0.155421 
289.488 -80.4616 -0.155341 
289.806 -80.5126 -0.155262 
290.124 -80.5636 -0.155183 
290.442 -80.6145 -0.155103 
290.761 -80.6655 -0.155024 
291.079 -80.7164 -0.154945 
291.397 -80.7674 -0.154866 
291.715 -80.8184 -0.154786 
292.033 -80.8693 -0.154707 
292.351 -80.9203 -0.154628 
292.669 -80.9712 -0.154548 
292.988 -81.0222 -0.154469 
293.306 -81.0732 -0.15439 
293.624 -81.1241 -0.15431 
293.942 -81.1751 -0.154231 
294.26 -81.2261 -0.154152 
294.578 -81.277 -0.154072 
294.896 -81.328 -0.153993 
295.215 -81.3789 -0.153914 
295.533 -81.4299 -0.153835 
295.851 -81.4809 -0.153755 
296.169 -81.5318 -0.153676 
296.487 -81.5828 -0.153597 
296.805 -81.6337 -0.153517 
297.123 -81.6847 -0.153438 
297.442 -81.7357 -0.153359 
297.76 -81.7866 -0.153279 
298.078 -81.8376 -0.1532 
298.396 -81.8885 -0.153121 
298.714 -81.9395 -0.153041 
299.032 -81.9905 -0.152962 
299.35 -82.0414 -0.152883 
299.669 -82.0924 -0.152804 
299.987 -82.1433 -0.152724 
300.305 -82.1943 -0.152645 
300.623 -82.2453 -0.152566 
300.941 -82.2962 -0.152486 
301.259 -82.3472 -0.152407 
301.577 -82.3981 -0.152328 
301.896 -82.4491 -0.152248 
302.214 -82.5001 -0.152169 
302.532 -82.551 -0.15209 
302.85 -82.602 -0.152011 
303.168 -82.6529 -0.151931 
303.486 -82.7039 -0.151852 
303.804 -82.7549 -0.151773 
304.123 -82.8058 -0.151693 
304.441 -82.8568 -0.151614 
304.759 -82.9077 -0.151535 
305.077 -82.9587 -0.151455 
305.395 -83.0097 -0.151376 
305.713 -83.0606 -0.151297 
306.031 -83.1116 -0.151217 
306.35 -83.1625 -0.151138 
306.668 -83.2135 -0.151059 
306.986 -83.2645 -0.15098 
307.304 -83.3154 -0.1509 
307.623 -83.3613 -0.150821 
307.942 -83.4072 -0.150742 
308.261 -83.4531 -0.150662 
308.58 -83.4991 -0.150583 
308.899 -83.545 -0.150504 
309.218 -83.5909 -0.150424 
309.536 -83.6368 -0.150345 
309.855 -83.6827 -0.150266 
310.174 -83.7286 -0.150186 
310.493 -83.7745 -0.150107 
310.812 -83.8204 -0.150028 
311.131 -83.8663 -0.149949 
311.45 -83.9122 -0.149869 
311.769 -83.9581 -0.14979 
312.088 -84.004 -0.149711 
312.407 -84.05 -0.149631 
312.726 -84.0959 -0.149552 
313.044 -84.1418 -0.149473 
313.363 -84.1877 -0.149393 
313.682 -84.2336 -0.149314 
314.001 -84.2795 -0.149235 
314.32 -84.3254 -0.149155 
314.639 -84.3713 -0.149076 
314.958 -84.4172 -0.148997 
315.277 -84.4631 -0.148918 
315.596 -84.509 -0.148838 
315.915 -84.5549 -0.148759 
316.234 -84.6008 -0.14868 
316.552 -84.6468 -0.1486 
316.871 -84.6927 -0.148521 
317.19 -84.7386 -0.148442 
317.509 -84.7845 -0.148362 
317.828 -84.8304 -0.148283 
318.147 -84.8763 -0.148204 
318.466 -84.9222 -0.148124 
318.785 -84.9681 -0.148045 
319.104 -85.014 -0.147966 
319.423 -85.0599 -0.147887 
319.742 -85.1058 -0.147807 
320.061 -85.1517 -0.147728 
320.379 -85.1976 -0.147649 
320.698 -85.2436 -0.147569 
321.017 -85.2895 -0.14749 
321.336 -85.3354 -0.147411 
321.655 -85.3813 -0.147331 
321.974 -85.4272 -0.147252 
322.293 -85.4731 -0.147173 
322.612 -85.519 -0.147093 
322.931 -85.5649 -0.147014 
323.25 -85.6108 -0.146935 
323.569 -85.6567 -0.146856 
323.887 -85.7026 -0.146776 
324.206 -85.7485 -0.146697 
324.525 -85.7945 -0.146618 
324.844 -85.8404 -0.146538 
325.163 -85.8863 -0.146459 
325.482 -85.9322 -0.14638 
325.801 -85.9781 -0.1463 
326.12 -86.024 -0.146221 
326.439 -86.0699 -0.146142 
326.758 -86.1158 -0.146063 
327.077 -86.1617 -0.145983 
327.396 -86.2076 -0.145904 
327.714 -86.2535 -0.145825 
328.033 -86.2994 -0.145745 
328.352 -86.3453 -0.145666 
328.671 -86.3913 -0.145587 
328.99 -86.4372 -0.145507 
329.309 -86.4831 -0.145428 
329.628 -86.529 -0.145349 
329.947 -86.5749 -0.145269 
330.266 -86.6208 -0.14519 
330.585 -86.6667 -0.145111 
330.904 -86.7126 -0.145032 
331.222 -86.7585 -0.144952 
331.541 -86.8044 -0.144873 
331.86 -86.8503 -0.144794 
332.179 -86.8962 -0.144714 
332.498 -86.9422 -0.144635 
332.817 -86.9881 -0.144556 
333.136 -87.034 -0.144476 
333.455 -87.0799 -0.144397 
333.774 -87.1258 -0.144318 
334.093 -87.1717 -0.144238 
334.412 -87.2176 -0.144159 
334.73 -87.2635 -0.14408 
335.049 -87.3094 -0.144001 
335.368 -87.3553 -0.143921 
335.687 -87.4012 -0.143842 
336.006 -87.4471 -0.143763 
336.325 -87.493 -0.143683 
336.644 -87.539 -0.143604 
336.963 -87.5849 -0.143525 
337.282 -87.6308 -0.143445 
337.601 -87.6767 -0.143366 
337.92 -87.7226 -0.143287 
338.239 -87.7685 -0.143207 
338.557 -87.8144 -0.143128 
338.876 -87.8603 -0.143049 
339.195 -87.9062 -0.14297 
339.514 -87.9521 -0.14289 
339.833 -87.998 -0.142811 
340.152 -88.0439 -0.142732 
340.471 -88.0898 -0.142652 
340.79 -88.1358 -0.142573 
341.109 -88.1817 -0.142494 
341.428 -88.2276 -0.142414 
341.747 -88.2735 -0.142335 
342.065 -88.3194 -0.142256 
342.384 -88.3653 -0.142176 
342.703 -88.4112 -0.142097 
343.022 -88.4571 -0.142018 
343.341 -88.503 -0.141939 
343.66 -88.5489 -0.141859 
343.979 -88.5948 -0.14178 
344.298 -88.6407 -0.141701 
344.617 -88.6867 -0.141621 
344.936 -88.7326 -0.141542 
345.255 -88.7785 -0.141463 
345.574 -88.8244 -0.141383 
345.892 -88.8703 -0.141304 
346.211 -88.9162 -0.141225 
346.53 -88.9621 -0.141145 
346.849 -89.008 -0.141066 
347.168 -89.0539 -0.140987 
347.487 -89.0998 -0.140908 
347.806 -89.1457 -0.140828 
348.125 -89.1916 -0.140749 
348.444 -89.2375 -0.14067 
348.763 -89.2835 -0.14059 
349.082 -89.3294 -0.140511 
349.4 -89.3753 -0.140432 
349.719 -89.4212 -0.140352 
350.038 -89.4671 -0.140273 
350.357 -89.513 -0.140194 
350.676 -89.5589 -0.140115 
350.995 -89.6048 -0.140035 
351.314 -89.6507 -0.139956 
351.633 -89.6966 -0.139877 
351.952 -89.7425 -0.139797 
352.271 -89.7884 -0.139718 
352.59 -89.8344 -0.139639 
352.908 -89.8803 -0.139559 
353.227 -89.9262 -0.13948 
353.546 -89.9721 -0.139401 
353.865 -90.018 -0.139321 
354.184 -90.0639 -0.139242 
354.503 -90.1098 -0.139163 
354.822 -90.1557 -0.139084 
355.141 -90.2016 -0.139004 
355.46 -90.2475 -0.138925 
355.779 -90.2934 -0.138846 
356.098 -90.3393 -0.138766 
356.417 -90.3852 -0.138687 
356.735 -90.4312 -0.138608 
357.054 -90.4771 -0.138528 
357.373 -90.523 -0.138449 
357.692 -90.5689 -0.13837 
358.011 -90.6148 -0.13829 
358.33 -90.6607 -0.138211 
358.649 -90.7066 -0.138132 
358.968 -90.7525 -0.138053 
359.287 -90.7984 -0.137973 
359.606 -90.8443 -0.137894 
359.925 -90.8902 -0.137815 
360.243 -90.9361 -0.137735 
360.562 -90.982 -0.137656 
360.881 -91.028 -0.137577 
361.2 -91.0739 -0.137497 
361.519 -91.1198 -0.137418 
361.838 -91.1657 -0.137339 
362.157 -91.2116 -0.137259 
362.476 -91.2575 -0.13718 
362.795 -91.3034 -0.137101 
363.114 -91.3493 -0.137022 
363.433 -91.3952 -0.136942 
363.751 -91.4411 -0.136863 
364.07 -91.487 -0.136784 
364.389 -91.5329 -0.136704 
364.708 -91.5789 -0.136625 
365.027 -91.6248 -0.136546 
365.346 -91.6707 -0.136466 
365.665 -91.7166 -0.136387 
365.984 -91.7625 -0.136308 
366.303 -91.8084 -0.136228 
366.622 -91.8543 -0.136149 
366.941 -91.9002 -0.13607 
367.26 -91.9461 -0.135991 
367.578 -91.992 -0.135911 
367.897 -92.0379 -0.135832 
368.216 -92.0838 -0.135753 
368.535 -92.1297 -0.135673 
368.854 -92.1757 -0.135594 
369.173 -92.2216 -0.135515 
369.492 -92.2675 -0.135435 
369.811 -92.3134 -0.135356 
370.13 -92.3593 -0.135277 
370.449 -92.4052 -0.135197 
370.768 -92.4511 -0.135118 
371.086 -92.497 -0.135039 
371.406 -92.5379 -0.13496 
371.726 -92.5787 -0.13488 
372.045 -92.6195 -0.134801 
372.365 -92.6604 -0.134722 
372.684 -92.7012 -0.134642 
373.004 -92.7421 -0.134563 
373.324 -92.7829 -0.134484 
373.643 -92.8238 -0.134404 
373.963 -92.8646 -0.134325 
374.282 -92.9055 -0.134246 
374.602 -92.9463 -0.134166 
374.922 -92.9871 -0.134087 
375.241 -93.028 -0.134008 
375.561 -93.0688 -0.133929 
375.88 -93.1097 -0.133849 
376.2 -93.1505 -0.13377 
376.52 -93.1914 -0.133691 
376.839 -93.2322 -0.133611 
377.159 -93.273 -0.133532 
377.478 -93.3139 -0.133453 
377.798 -93.3547 -0.133373 
378.118 -93.3956 -0.133294 
378.437 -93.4364 -0.133215 
378.757 -93.4773 -0.133136 
379.076 -93.5181 -0.133056 
379.396 -93.559 -0.132977 
379.716 -93.5998 -0.132898 
380.035 -93.6406 -0.132818 
380.355 -93.6815 -0.132739 
380.674 -93.7223 -0.13266 
380.994 -93.7632 -0.13258 
381.314 -93.804 -0.132501 
381.633 -93.8449 -0.132422 
381.953 -93.8857 -0.132342 
382.272 -93.9266 -0.132263 
382.592 -93.9674 -0.132184 
382.912 -94.0082 -0.132105 
383.231 -94.0491 -0.132025 
383.551 -94.0899 -0.131946 
383.87 -94.1308 -0.131867 
384.19 -94.1716 -0.131787 
384.51 -94.2125 -0.131708 
384.829 -94.2533 -0.131629 
385.149 -94.2941 -0.131549 
385.468 -94.335 -0.13147 
385.788 -94.3758 -0.131391 
386.108 -94.4167 -0.131311 
386.427 -94.4575 -0.131232 
386.747 -94.4984 -0.131153 
387.066 -94.5392 -0.131074 
387.386 -94.5801 -0.130994 
387.706 -94.6209 -0.130915 
388.025 -94.6617 -0.130836 
388.345 -94.7026 -0.130756 
388.664 -94.7434 -0.130677 
388.984 -94.7843 -0.130598 
389.304 -94.8251 -0.130518 
389.623 -94.866 -0.130439 
389.943 -94.9068 -0.13036 
390.262 -94.9477 -0.13028 
390.582 -94.9885 -0.130201 
390.902 -95.0293 -0.130122 
391.221 -95.0702 -0.130043 
391.541 -95.111 -0.129963 
391.86 -95.1519 -0.129884 
392.18 -95.1927 -0.129805 
392.5 -95.2336 -0.129725 
392.819 -95.2744 -0.129646 
393.139 -95.3152 -0.129567 
393.458 -95.3561 -0.129487 
393.778 -95.3969 -0.129408 
394.098 -95.4378 -0.129329 
394.417 -95.4786 -0.129249 
394.737 -95.5195 -0.12917 
395.056 -95.5603 -0.129091 
395.376 -95.6012 -0.129012 
395.696 -95.642 -0.128932 
396.015 -95.6828 -0.128853 
396.335 -95.7237 -0.128774 
396.654 -95.7645 -0.128694 
396.974 -95.8054 -0.128615 
397.294 -95.8462 -0.128536 
397.613 -95.8871 -0.128456 
397.933 -95.9279 -0.128377 
398.252 -95.9688 -0.128298 
398.572 -96.0096 -0.128218 
398.892 -96.0504 -0.128139 
399.211 -96.0913 -0.12806 
399.531 -96.1321 -0.127981 
399.85 -96.173 -0.127901 
400.17 -96.2138 -0.127822 
400.49 -96.2547 -0.127743 
400.809 -96.2955 -0.127663 
401.129 -96.3363 -0.127584 
401.448 -96.3772 -0.127505 
401.768 -96.418 -0.127425 
402.088 -96.4589 -0.127346 
402.407 -96.4997 -0.127267 
402.727 -96.5406 -0.127188 
403.046 -96.5814 -0.127108 
403.366 -96.6223 -0.127029 
403.686 -96.6631 -0.12695 
404.005 -96.7039 -0.12687 
404.325 -96.7448 -0.126791 
404.644 -96.7856 -0.126712 
404.964 -96.8265 -0.126632 
405.284 -96.8673 -0.126553 
405.603 -96.9082 -0.126474 
405.923 -96.949 -0.126394 
406.242 -96.9899 -0.126315 
406.562 -97.0307 -0.126236 
406.882 -97.0715 -0.126157 
407.201 -97.1124 -0.126077 
407.521 -97.1532 -0.125998 
407.84 -97.1941 -0.125919 
408.16 -97.2349 -0.125839 
408.48 -97.2758 -0.12576 
408.799 -97.3166 -0.125681 
409.119 -97.3574 -0.125601 
409.438 -97.3983 -0.125522 
409.758 -97.4391 -0.125443 
410.078 -97.48 -0.125363 
410.397 -97.5208 -0.125284 
410.717 -97.5617 -0.125205 
411.036 -97.6025 -0.125126 
411.356 -97.6434 -0.125046 
411.676 -97.6842 -0.124967 
411.995 -97.725 -0.124888 
412.315 -97.7659 -0.124808 
412.634 -97.8067 -0.124729 
412.954 -97.8476 -0.12465 
413.274 -97.8884 -0.12457 
413.593 -97.9293 -0.124491 
413.913 -97.9701 -0.124412 
414.232 -98.011 -0.124332 
414.552 -98.0518 -0.124253 
414.872 -98.0926 -0.124174 
415.191 -98.1335 -0.124095 
415.511 -98.1743 -0.124015 
415.83 -98.2152 -0.123936 
416.15 -98.256 -0.123857 
416.47 -98.2969 -0.123777 
416.789 -98.3377 -0.123698 
417.109 -98.3785 -0.123619 
417.428 -98.4194 -0.123539 
417.748 -98.4602 -0.12346 
418.068 -98.5011 -0.123381 
418.387 -98.5419 -0.123301 
418.707 -98.5828 -0.123222 
419.026 -98.6236 -0.123143 
419.346 -98.6645 -0.123064 
419.666 -98.7053 -0.122984 
419.985 -98.7461 -0.122905 
420.305 -98.787 -0.122826 
420.624 -98.8278 -0.122746 
420.944 -98.8687 -0.122667 
421.264 -98.9095 -0.122588 
421.583 -98.9504 -0.122508 
421.903 -98.9912 -0.122429 
422.222 -99.032 -0.12235 
422.542 -99.0729 -0.12227 
422.862 -99.1137 -0.122191 
423.181 -99.1546 -0.122112 
423.501 -99.1954 -0.122033 
423.82 -99.2363 -0.121953 
424.14 -99.2771 -0.121874 
424.46 -99.318 -0.121795 
424.779 -99.3588 -0.121715 
425.099 -99.3996 -0.121636 
425.418 -99.4405 -0.121557 
425.738 -99.4813 -0.121477 
426.058 -99.5222 -0.121398 
426.377 -99.563 -0.121319 
426.697 -99.6039 -0.12124 
427.016 -99.6447 -0.12116 
427.336 -99.6856 -0.121081 
427.656 -99.7264 -0.121002 
427.975 -99.7672 -0.120922 
428.295 -99.8081 -0.120843 
428.614 -99.8489 -0.120764 
428.934 -99.8898 -0.120684 
429.254 -99.9306 -0.120605 
429.573 -99.9715 -0.120526 
429.893 -100.012 -0.120446 
430.212 -100.053 -0.120367 
430.532 -100.094 -0.120288 
430.852 -100.135 -0.120209 
431.171 -100.176 -0.120129 
431.491 -100.217 -0.12005 
431.81 -100.257 -0.119971 
432.13 -100.298 -0.119891 
432.45 -100.339 -0.119812 
432.769 -100.38 -0.119733 
433.089 -100.421 -0.119653 
433.408 -100.462 -0.119574 
433.728 -100.502 -0.119495 
434.048 -100.543 -0.119415 
434.367 -100.584 -0.119336 
434.687 -100.625 -0.119257 
435.006 -100.666 -0.119178 
435.327 -100.702 -0.119098 
435.647 -100.737 -0.119019 
435.967 -100.773 -0.11894 
436.287 -100.809 -0.11886 
436.608 -100.845 -0.118781 
436.928 -100.88 -0.118702 
437.248 -100.916 -0.118622 
437.568 -100.952 -0.118543 
437.888 -100.988 -0.118464 
438.209 -101.024 -0.118384 
438.529 -101.059 -0.118305 
438.849 -101.095 -0.118226 
439.169 -101.131 -0.118147 
439.489 -101.167 -0.118067 
439.81 -101.202 -0.117988 
440.13 -101.238 -0.117909 
440.45 -101.274 -0.117829 
440.77 -101.31 -0.11775 
441.09 -101.345 -0.117671 
441.411 -101.381 -0.117591 
441.731 -101.417 -0.117512 
442.051 -101.453 -0.117433 
442.371 -101.489 -0.117353 
442.691 -101.524 -0.117274 
443.012 -101.56 -0.117195 
443.332 -101.596 -0.117116 
443.652 -101.632 -0.117036 
443.972 -101.667 -0.116957 
444.293 -101.703 -0.116878 
444.613 -101.739 -0.116798 
444.933 -101.775 -0.116719 
445.253 -101.81 -0.11664 
445.573 -101.846 -0.11656 
445.894 -101.882 -0.116481 
446.214 -101.918 -0.116402 
446.534 -101.954 -0.116322 
446.854 -101.989 -0.116243 
447.174 -102.025 -0.116164 
447.495 -102.061 -0.116085 
447.815 -102.097 -0.116005 
448.135 -102.132 -0.115926 
448.455 -102.168 -0.115847 
448.775 -102.204 -0.115767 
449.096 -102.24 -0.115688 
449.416 -102.275 -0.115609 
449.736 -102.311 -0.115529 
450.056 -102.347 -0.11545 
450.376 -102.383 -0.115371 
450.697 -102.419 -0.115292 
451.017 -102.454 -0.115212 
451.337 -102.49 -0.115133 
451.657 -102.526 -0.115054 
451.977 -102.562 -0.114974 
452.298 -102.597 -0.114895 
452.618 -102.633 -0.114816 
452.938 -102.669 -0.114736 
453.258 -102.705 -0.114657 
453.579 -102.74 -0.114578 
453.899 -102.776 -0.114498 
454.219 -102.812 -0.114419 
454.539 -102.848 -0.11434 
454.859 -102.884 -0.114261 
455.18 -102.919 -0.114181 
455.5 -102.955 -0.114102 
455.82 -102.991 -0.114023 
456.14 -103.027 -0.113943 
456.46 -103.062 -0.113864 
456.781 -103.098 -0.113785 
457.101 -103.134 -0.113705 
457.421 -103.17 -0.113626 
457.741 -103.205 -0.113547 
458.061 -103.241 -0.113467 
458.382 -103.277 -0.113388 
458.702 -103.313 -0.113309 
459.022 -103.349 -0.11323 
459.342 -103.384 -0.11315 
459.662 -103.42 -0.113071 
459.983 -103.456 -0.112992 
460.303 -103.492 -0.112912 
460.623 -103.527 -0.112833 
460.943 -103.563 -0.112754 
461.264 -103.599 -0.112674 
461.584 -103.635 -0.112595 
461.904 -103.67 -0.112516 
462.224 -103.706 -0.112436 
462.544 -103.742 -0.112357 
462.865 -103.778 -0.112278 
463.185 -103.814 -0.112199 
463.505 -103.849 -0.112119 
463.825 -103.885 -0.11204 
464.145 -103.921 -0.111961 
464.466 -103.957 -0.111881 
464.786 -103.992 -0.111802 
465.106 -104.028 -0.111723 
465.426 -104.064 -0.111643 
465.746 -104.1 -0.111564 
466.067 -104.135 -0.111485 
466.387 -104.171 -0.111405 
466.707 -104.207 -0.111326 
467.027 -104.243 -0.111247 
467.347 -104.279 -0.111168 
467.668 -104.314 -0.111088 
467.988 -104.35 -0.111009 
468.308 -104.386 -0.11093 
468.628 -104.422 -0.11085 
468.949 -104.457 -0.110771 
469.269 -104.493 -0.110692 
469.589 -104.529 -0.110612 
469.909 -104.565 -0.110533 
470.229 -104.6 -0.110454 
470.55 -104.636 -0.110374 
470.87 -104.672 -0.110295 
471.19 -104.708 -0.110216 
471.51 -104.744 -0.110137 
471.83 -104.779 -0.110057 
472.151 -104.815 -0.109978 
472.471 -104.851 -0.109899 
472.791 -104.887 -0.109819 
473.111 -104.922 -0.10974 
473.431 -104.958 -0.109661 
473.752 -104.994 -0.109581 
474.072 -105.03 -0.109502 
474.392 -105.065 -0.109423 
474.712 -105.101 -0.109344 
475.032 -105.137 -0.109264 
475.353 -105.173 -0.109185 
475.673 -105.209 -0.109106 
475.993 -105.244 -0.109026 
476.313 -105.28 -0.108947 
476.633 -105.316 -0.108868 
476.954 -105.352 -0.108788 
477.274 -105.387 -0.108709 
477.594 -105.423 -0.10863 
477.914 -105.459 -0.10855 
478.235 -105.495 -0.108471 
478.555 -105.531 -0.108392 
478.875 -105.566 -0.108313 
479.195 -105.602 -0.108233 
479.515 -105.638 -0.108154 
479.836 -105.674 -0.108075 
480.156 -105.709 -0.107995 
480.476 -105.745 -0.107916 
480.796 -105.781 -0.107837 
481.116 -105.817 -0.107757 
481.437 -105.852 -0.107678 
481.757 -105.888 -0.107599 
482.077 -105.924 -0.107519 
482.397 -105.96 -0.10744 
482.717 -105.996 -0.107361 
483.038 -106.031 -0.107282 
483.358 -106.067 -0.107202 
483.678 -106.103 -0.107123 
483.998 -106.139 -0.107044 
484.318 -106.174 -0.106964 
484.639 -106.21 -0.106885 
484.959 -106.246 -0.106806 
485.279 -106.282 -0.106726 
485.599 -106.317 -0.106647 
485.92 -106.353 -0.106568 
486.24 -106.389 -0.106488 
486.56 -106.425 -0.106409 
486.88 -106.461 -0.10633 
487.2 -106.496 -0.106251 
487.521 -106.532 -0.106171 
487.841 -106.568 -0.106092 
488.161 -106.604 -0.106013 
488.481 -106.639 -0.105933 
488.801 -106.675 -0.105854 
489.122 -106.711 -0.105775 
489.442 -106.747 -0.105695 
489.762 -106.782 -0.105616 
490.082 -106.818 -0.105537 
490.402 -106.854 -0.105457 
490.723 -106.89 -0.105378 
491.043 -106.926 -0.105299 
491.363 -106.961 -0.10522 
491.683 -106.997 -0.10514 
492.003 -107.033 -0.105061 
492.324 -107.069 -0.104982 
492.644 -107.104 -0.104902 
492.964 -107.14 -0.104823 
493.284 -107.176 -0.104744 
493.605 -107.212 -0.104664 
493.925 -107.247 -0.104585 
494.245 -107.283 -0.104506 
494.565 -107.319 -0.104426 
494.885 -107.355 -0.104347 
495.206 -107.391 -0.104268 
495.526 -107.426 -0.104189 
495.846 -107.462 -0.104109 
496.166 -107.498 -0.10403 
496.486 -107.534 -0.103951 
496.807 -107.569 -0.103871 
497.127 -107.605 -0.103792 
497.447 -107.641 -0.103713 
497.767 -107.677 -0.103633 
498.087 -107.712 -0.103554 
498.408 -107.748 -0.103475 
498.728 -107.784 -0.103396 
499.048 -107.82 -0.103316 
499.37 -107.851 -0.103236 
499.693 -107.881 -0.103157 
500.015 -107.912 -0.103077 
500.337 -107.943 -0.102997 
500.66 -107.974 -0.102918 
500.982 -108.005 -0.102838 
501.304 -108.036 -0.102758 
501.627 -108.066 -0.102679 
501.949 -108.097 -0.102599 
502.271 -108.128 -0.102519 
502.594 -108.159 -0.102439 
502.916 -108.19 -0.10236 
503.239 -108.221 -0.10228 
503.561 -108.252 -0.1022 
503.883 -108.282 -0.102121 
504.206 -108.313 -0.102041 
504.528 -108.344 -0.101961 
504.85 -108.375 -0.101882 
505.173 -108.406 -0.101802 
505.495 -108.437 -0.101722 
505.817 -108.467 -0.101642 
506.14 -108.498 -0.101563 
506.462 -108.529 -0.101483 
506.784 -108.56 -0.101403 
507.107 -108.591 -0.101324 
507.429 -108.622 -0.101244 
507.751 -108.652 -0.101164 
508.074 -108.683 -0.101084 
508.396 -108.714 -0.101005 
508.718 -108.745 -0.100925 
509.041 -108.776 -0.100845 
509.363 -108.807 -0.100766 
509.685 -108.838 -0.100686 
510.008 -108.868 -0.100606 
510.33 -108.899 -0.100527 
510.653 -108.93 -0.100447 
510.975 -108.961 -0.100367 
511.297 -108.992 -0.100287 
511.62 -109.023 -0.100208 
511.942 -109.053 -0.100128 
512.264 -109.084 -0.100048 
512.587 -109.115 -0.0999686 
512.909 -109.146 -0.0998889 
513.231 -109.177 -0.0998092 
513.554 -109.208 -0.0997295 
513.876 -109.238 -0.0996498 
514.198 -109.269 -0.09957 
514.521 -109.3 -0.0994903 
514.843 -109.331 -0.0994106 
515.165 -109.362 -0.0993309 
515.488 -109.393 -0.0992512 
515.81 -109.423 -0.0991715 
516.132 -109.454 -0.0990918 
516.455 -109.485 -0.0990121 
516.777 -109.516 -0.0989324 
517.099 -109.547 -0.0988527 
517.422 -109.578 -0.098773 
517.744 -109.609 -0.0986933 
518.066 -109.639 -0.0986136 
518.389 -109.67 -0.0985339 
518.711 -109.701 -0.0984542 
519.034 -109.732 -0.0983745 
519.356 -109.763 -0.0982948 
519.678 -109.794 -0.0982151 
520.001 -109.824 -0.0981354 
520.323 -109.855 -0.0980556 
520.645 -109.886 -0.0979759 
520.968 -109.917 -0.0978962 
521.29 -109.948 -0.0978165 
521.612 -109.979 -0.0977368 
521.935 -110.009 -0.0976571 
522.257 -110.04 -0.0975774 
522.579 -110.071 -0.0974977 
522.902 -110.102 -0.097418 
523.224 -110.133 -0.0973383 
523.546 -110.164 -0.0972586 
523.869 -110.195 -0.0971789 
524.191 -110.225 -0.0970992 
524.513 -110.256 -0.0970195 
524.836 -110.287 -0.0969398 
525.158 -110.318 -0.0968601 
525.48 -110.349 -0.0967804 
525.803 -110.38 -0.0967007 
526.125 -110.41 -0.096621 
526.447 -110.441 -0.0965413 
526.77 -110.472 -0.0964615 
527.092 -110.503 -0.0963818 
527.415 -110.534 -0.0963021 
527.737 -110.565 -0.0962224 
528.059 -110.595 -0.0961427 
528.382 -110.626 -0.096063 
528.704 -110.657 -0.0959833 
529.026 -110.688 -0.0959036 
529.349 -110.719 -0.0958239 
529.671 -110.75 -0.0957442 
529.993 -110.78 -0.0956645 
530.316 -110.811 -0.0955848 
530.638 -110.842 -0.0955051 
530.96 -110.873 -0.0954254 
531.283 -110.904 -0.0953457 
531.605 -110.935 -0.095266 
531.927 -110.966 -0.0951863 
532.25 -110.996 -0.0951066 
532.572 -111.027 -0.0950269 
532.894 -111.058 -0.0949471 
533.217 -111.089 -0.0948674 
533.539 -111.12 -0.0947877 
533.861 -111.151 -0.094708 
534.184 -111.181 -0.0946283 
534.506 -111.212 -0.0945486 
534.828 -111.243 -0.0944689 
535.151 -111.274 -0.0943892 
535.473 -111.305 -0.0943095 
535.796 -111.336 -0.0942298 
536.118 -111.366 -0.0941501 
536.44 -111.397 -0.0940704 
536.763 -111.428 -0.0939907 
537.085 -111.459 -0.093911 
537.407 -111.49 -0.0938313 
537.73 -111.521 -0.0937516 
538.052 -111.552 -0.0936719 
538.374 -111.582 -0.0935922 
538.697 -111.613 -0.0935125 
539.019 -111.644 -0.0934327 
539.341 -111.675 -0.093353 
539.664 -111.706 -0.0932733 
539.986 -111.737 -0.0931936 
540.308 -111.767 -0.0931139 
540.631 -111.798 -0.0930342 
540.953 -111.829 -0.0929545 
541.275 -111.86 -0.0928748 
541.598 -111.891 -0.0927951 
541.92 -111.922 -0.0927154 
542.242 -111.952 -0.0926357 
542.565 -111.983 -0.092556 
542.887 -112.014 -0.0924763 
543.21 -112.045 -0.0923966 
543.532 -112.076 -0.0923169 
543.854 -112.107 -0.0922372 
544.177 -112.137 -0.0921575 
544.499 -112.168 -0.0920778 
544.821 -112.199 -0.0919981 
545.144 -112.23 -0.0919183 
545.466 -112.261 -0.0918386 
545.788 -112.292 -0.0917589 
546.111 -112.323 -0.0916792 
546.433 -112.353 -0.0915995 
546.755 -112.384 -0.0915198 
547.078 -112.415 -0.0914401 
547.4 -112.446 -0.0913604 
547.722 -112.477 -0.0912807 
548.045 -112.508 -0.091201 
548.367 -112.538 -0.0911213 
548.689 -112.569 -0.0910416 
549.012 -112.6 -0.0909619 
549.334 -112.631 -0.0908822 
549.656 -112.662 -0.0908025 
549.979 -112.693 -0.0907228 
550.301 -112.723 -0.0906431 
550.623 -112.754 -0.0905634 
550.946 -112.785 -0.0904837 
551.268 -112.816 -0.0904039 
551.591 -112.847 -0.0903242 
551.913 -112.878 -0.0902445 
552.235 -112.908 -0.0901648 
552.558 -112.939 -0.0900851 
552.88 -112.97 -0.0900054 
553.202 -113.001 -0.0899257 
553.525 -113.032 -0.089846 
553.847 -113.063 -0.0897663 
554.169 -113.094 -0.0896866 
554.492 -113.124 -0.0896069 
554.814 -113.155 -0.0895272 
555.136 -113.186 -0.0894475 
555.459 -113.217 -0.0893678 
555.781 -113.248 -0.0892881 
556.103 -113.279 -0.0892084 
556.426 -113.309 -0.0891287 
556.748 -113.34 -0.089049 
557.07 -113.371 -0.0889693 
557.393 -113.402 -0.0888895 
557.715 -113.433 -0.0888098 
558.037 -113.464 -0.0887301 
558.36 -113.494 -0.0886504 
558.682 -113.525 -0.0885707 
559.004 -113.556 -0.088491 
559.327 -113.587 -0.0884113 
559.649 -113.618 -0.0883316 
559.972 -113.649 -0.0882519 
560.294 -113.68 -0.0881722 
560.616 -113.71 -0.0880925 
560.939 -113.741 -0.0880128 
561.261 -113.772 -0.0879331 
561.583 -113.803 -0.0878534 
561.906 -113.834 -0.0877737 
562.228 -113.865 -0.087694 
562.55 -113.895 -0.0876143 
562.873 -113.926 -0.0875346 
563.195 -113.957 -0.0874549 
563.516 -113.983 -0.0873755 
563.837 -114.008 -0.0872962 
564.159 -114.034 -0.0872169 
564.48 -114.059 -0.0871376 
564.801 -114.085 -0.0870583 
565.122 -114.111 -0.086979 
565.443 -114.136 -0.0868997 
565.764 -114.162 -0.0868204 
566.086 -114.187 -0.0867411 
566.407 -114.213 -0.0866618 
566.728 -114.239 -0.0865825 
567.049 -114.264 -0.0865032 
567.37 -114.29 -0.0864239 
567.692 -114.315 -0.0863446 
568.013 -114.341 -0.0862653 
568.334 -114.367 -0.0861859 
568.655 -114.392 -0.0861066 
568.976 -114.418 -0.0860273 
569.297 -114.443 -0.085948 
569.619 -114.469 -0.0858687 
569.94 -114.495 -0.0857894 
570.261 -114.52 -0.0857101 
570.582 -114.546 -0.0856308 
570.903 -114.571 -0.0855515 
571.225 -114.597 -0.0854722 
571.546 -114.623 -0.0853929 
571.867 -114.648 -0.0853136 
572.188 -114.674 -0.0852343 
572.509 -114.699 -0.085155 
572.83 -114.725 -0.0850757 
573.152 -114.751 -0.0849963 
573.473 -114.776 -0.084917 
573.794 -114.802 -0.0848377 
574.115 -114.827 -0.0847584 
574.436 -114.853 -0.0846791 
574.758 -114.879 -0.0845998 
575.079 -114.904 -0.0845205 
575.4 -114.93 -0.0844412 
575.721 -114.955 -0.0843619 
576.042 -114.981 -0.0842826 
576.363 -115.007 -0.0842033 
576.685 -115.032 -0.084124 
577.006 -115.058 -0.0840447 
577.327 -115.083 -0.0839654 
577.648 -115.109 -0.0838861 
577.969 -115.134 -0.0838067 
578.29 -115.16 -0.0837274 
578.612 -115.186 -0.0836481 
578.933 -115.211 -0.0835688 
579.254 -115.237 -0.0834895 
579.575 -115.262 -0.0834102 
579.896 -115.288 -0.0833309 
580.218 -115.314 -0.0832516 
580.539 -115.339 -0.0831723 
580.86 -115.365 -0.083093 
581.181 -115.39 -0.0830137 
581.502 -115.416 -0.0829344 
581.823 -115.442 -0.0828551 
582.145 -115.467 -0.0827758 
582.466 -115.493 -0.0826965 
582.787 -115.518 -0.0826171 
583.108 -115.544 -0.0825378 
583.429 -115.57 -0.0824585 
583.751 -115.595 -0.0823792 
584.072 -115.621 -0.0822999 
584.393 -115.646 -0.0822206 
584.714 -115.672 -0.0821413 
585.035 -115.698 -0.082062 
585.356 -115.723 -0.0819827 
585.678 -115.749 -0.0819034 
585.999 -115.774 -0.0818241 
586.32 -115.8 -0.0817448 
586.641 -115.826 -0.0816655 
586.962 -115.851 -0.0815862 
587.284 -115.877 -0.0815069 
587.605 -115.902 -0.0814275 
587.926 -115.928 -0.0813482 
588.247 -115.954 -0.0812689 
588.568 -115.979 -0.0811896 
588.889 -116.005 -0.0811103 
589.211 -116.03 -0.081031 
589.532 -116.056 -0.0809517 
589.853 -116.082 -0.0808724 
590.174 -116.107 -0.0807931 
590.495 -116.133 -0.0807138 
590.817 -116.158 -0.0806345 
591.138 -116.184 -0.0805552 
591.459 -116.209 -0.0804759 
591.78 -116.235 -0.0803966 
592.101 -116.261 -0.0803173 
592.422 -116.286 -0.0802379 
592.744 -116.312 -0.0801586 
593.065 -116.337 -0.0800793 
593.386 -116.363 -0.08 
593.707 -116.389 -0.0799207 
594.028 -116.414 -0.0798414 
594.35 -116.44 -0.0797621 
594.671 -116.465 -0.0796828 
594.992 -116.491 -0.0796035 
595.313 -116.517 -0.0795242 
595.634 -116.542 -0.0794449 
595.955 -116.568 -0.0793656 
596.277 -116.593 -0.0792863 
596.598 -116.619 -0.079207 
596.919 -116.645 -0.0791277 
597.24 -116.67 -0.0790483 
597.561 -116.696 -0.078969 
597.883 -116.721 -0.0788897 
598.204 -116.747 -0.0788104 
598.525 -116.773 -0.0787311 
598.846 -116.798 -0.0786518 
599.167 -116.824 -0.0785725 
599.488 -116.849 -0.0784932 
599.81 -116.875 -0.0784139 
600.131 -116.901 -0.0783346 
600.452 -116.926 -0.0782553 
600.773 -116.952 -0.078176 
601.094 -116.977 -0.0780967 
601.416 -117.003 -0.0780174 
601.737 -117.029 -0.0779381 
602.058 -117.054 -0.0778587 
602.379 -117.08 -0.0777794 
602.7 -117.105 -0.0777001 
603.021 -117.131 -0.0776208 
603.343 -117.157 -0.0775415 
603.664 -117.182 -0.0774622 
603.985 -117.208 -0.0773829 
604.306 -117.233 -0.0773036 
604.627 -117.259 -0.0772243 
604.949 -117.285 -0.077145 
605.27 -117.31 -0.0770657 
605.591 -117.336 -0.0769864 
605.912 -117.361 -0.0769071 
606.233 -117.387 -0.0768278 
606.554 -117.412 -0.0767485 
606.876 -117.438 -0.0766691 
607.197 -117.464 -0.0765898 
607.518 -117.489 -0.0765105 
607.839 -117.515 -0.0764312 
608.16 -117.54 -0.0763519 
608.482 -117.566 -0.0762726 
608.803 -117.592 -0.0761933 
609.124 -117.617 -0.076114 
609.445 -117.643 -0.0760347 
609.766 -117.668 -0.0759554 
610.087 -117.694 -0.0758761 
610.409 -117.72 -0.0757968 
610.73 -117.745 -0.0757175 
611.051 -117.771 -0.0756382 
611.372 -117.796 -0.0755589 
611.693 -117.822 -0.0754795 
612.015 -117.848 -0.0754002 
612.336 -117.873 -0.0753209 
612.657 -117.899 -0.0752416 
612.978 -117.924 -0.0751623 
613.299 -117.95 -0.075083 
613.62 -117.976 -0.0750037 
613.942 -118.001 -0.0749244 
614.263 -118.027 -0.0748451 
614.584 -118.052 -0.0747658 
614.905 -118.078 -0.0746865 
615.226 -118.104 -0.0746072 
615.548 -118.129 -0.0745279 
615.869 -118.155 -0.0744486 
616.19 -118.18 -0.0743693 
616.511 -118.206 -0.0742899 
616.832 -118.232 -0.0742106 
617.153 -118.257 -0.0741313 
617.475 -118.283 -0.074052 
617.796 -118.308 -0.0739727 
618.117 -118.334 -0.0738934 
618.438 -118.36 -0.0738141 
618.759 -118.385 -0.0737348 
619.081 -118.411 -0.0736555 
619.402 -118.436 -0.0735762 
619.723 -118.462 -0.0734969 
620.044 -118.488 -0.0734176 
620.365 -118.513 -0.0733383 
620.686 -118.539 -0.073259 
621.008 -118.564 -0.0731797 
621.329 -118.59 -0.0731003 
621.65 -118.615 -0.073021 
621.971 -118.641 -0.0729417 
622.292 -118.667 -0.0728624 
622.613 -118.692 -0.0727831 
622.935 -118.718 -0.0727038 
623.256 -118.743 -0.0726245 
623.577 -118.769 -0.0725452 
623.898 -118.795 -0.0724659 
624.219 -118.82 -0.0723866 
624.541 -118.846 -0.0723073 
624.862 -118.871 -0.072228 
625.183 -118.897 -0.0721487 
625.504 -118.923 -0.0720694 
625.825 -118.948 -0.07199 
626.146 -118.974 -0.0719107 
626.468 -118.999 -0.0718314 
626.789 -119.025 -0.0717521 
627.11 -119.051 -0.0716728 
627.431 -119.076 -0.0715935 
627.119 -119.019 -0.0778615 
626.806 -118.962 -0.0841295 
626.494 -118.904 -0.0903975 
626.182 -118.847 -0.0966654 
625.869 -118.79 -0.102933 
625.557 -118.733 -0.109201 
625.244 -118.675 -0.115469 
624.932 -118.618 -0.121737 
624.62 -118.561 -0.128005 
624.307 -118.504 -0.134273 
623.995 -118.446 -0.140541 
623.682 -118.389 -0.146809 
623.37 -118.332 -0.153077 
623.058 -118.275 -0.159345 
622.745 -118.217 -0.165613 
622.433 -118.16 -0.171881 
622.12 -118.103 -0.178149 
621.808 -118.046 -0.184417 
621.496 -117.988 -0.190685 
621.183 -117.931 -0.196953 
620.871 -117.874 -0.203221 
620.558 -117.816 -0.209489 
620.246 -117.759 -0.215757 
619.934 -117.702 -0.222025 
619.621 -117.645 -0.228293 
619.309 -117.587 -0.234561 
618.996 -117.53 -0.240829 
618.684 -117.473 -0.247097 
618.372 -117.416 -0.253365 
618.059 -117.358 -0.259633 
617.747 -117.301 -0.265901 
617.434 -117.244 -0.272169 
617.122 -117.187 -0.278437 
616.81 -117.129 -0.284705 
616.497 -117.072 -0.290973 
616.205 -116.948 -0.297241 
615.912 -116.824 -0.303509 
615.62 -116.7 -0.309777 
615.327 -116.577 -0.316045 
615.035 -116.453 -0.322313 
614.743 -116.329 -0.328581 
614.45 -116.205 -0.334849 
614.158 -116.081 -0.341117 
613.865 -115.957 -0.347385 
613.573 -115.833 -0.353653 
613.28 -115.709 -0.359921 
612.988 -115.586 -0.366189 
612.695 -115.462 -0.372457 
612.403 -115.338 -0.378725 
612.111 -115.214 -0.384993 
611.818 -115.09 -0.391261 
611.526 -114.966 -0.397529 
611.233 -114.842 -0.403797 
610.941 -114.718 -0.410065 
610.648 -114.595 -0.416333 
610.356 -114.471 -0.422601 
610.063 -114.347 -0.428868 
609.771 -114.223 -0.435136 
609.479 -114.099 -0.441404 
609.186 -113.975 -0.447672 
608.894 -113.851 -0.45394 
608.601 -113.727 -0.460208 
608.309 -113.604 -0.466476 
608.016 -113.48 -0.472744 
607.724 -113.356 -0.479012 
607.431 -113.232 -0.48528 
607.139 -113.108 -0.491548 
606.846 -112.984 -0.497816 
606.554 -112.86 -0.504084 
606.262 -112.736 -0.510352 
605.99 -112.562 -0.512484 
605.718 -112.388 -0.514615 
605.447 -112.214 -0.516747 
605.175 -112.04 -0.518878 
604.904 -111.866 -0.52101 
604.632 -111.692 -0.523142 
604.361 -111.518 -0.525273 
604.089 -111.344 -0.527405 
603.818 -111.17 -0.529536 
603.546 -110.996 -0.531668 
603.275 -110.822 -0.533799 
603.003 -110.648 -0.535931 
602.732 -110.474 -0.538063 
602.46 -110.3 -0.540194 
602.188 -110.126 -0.542326 
601.917 -109.951 -0.544457 
601.645 -109.777 -0.546589 
601.374 -109.603 -0.54872 
601.102 -109.429 -0.550852 
600.831 -109.255 -0.552983 
600.559 -109.081 -0.555115 
600.288 -108.907 -0.557247 
600.016 -108.733 -0.559378 
599.745 -108.559 -0.56151 
599.473 -108.385 -0.563641 
599.202 -108.211 -0.565773 
598.93 -108.037 -0.567904 
598.658 -107.863 -0.570036 
598.387 -107.689 -0.572167 
598.115 -107.515 -0.574299 
597.844 -107.341 -0.576431 
597.572 -107.166 -0.578562 
597.301 -106.992 -0.580694 
597.029 -106.818 -0.582825 
596.758 -106.644 -0.584957 
596.486 -106.47 -0.587088 
596.215 -106.296 -0.58922 
595.943 -106.122 -0.591352 
595.672 -105.948 -0.593483 
595.4 -105.774 -0.595615 
595.128 -105.6 -0.597746 
594.857 -105.426 -0.599878 
594.585 -105.252 -0.602009 
594.314 -105.078 -0.604141 
594.042 -104.904 -0.606272 
593.771 -104.73 -0.608404 
593.499 -104.556 -0.610536 
593.228 -104.382 -0.612667 
592.956 -104.207 -0.614799 
592.685 -104.033 -0.61693 
592.413 -103.859 -0.619062 
592.142 -103.685 -0.621193 
591.87 -103.511 -0.623325 
591.598 -103.337 -0.625456 
591.327 -103.163 -0.627588 
591.055 -102.989 -0.62972 
590.806 -102.784 -0.631851 
590.558 -102.579 -0.633983 
590.309 -102.374 -0.636114 
590.06 -102.168 -0.638246 
589.811 -101.963 -0.640377 
589.562 -101.758 -0.642509 
589.313 -101.553 -0.644641 
589.064 -101.348 -0.646772 
588.815 -101.143 -0.648904 
588.567 -100.937 -0.651035 
588.318 -100.732 -0.653167 
588.069 -100.527 -0.655298 
587.82 -100.322 -0.65743 
587.571 -100.117 -0.659561 
587.322 -99.9116 -0.661693 
587.073 -99.7065 -0.663825 
586.824 -99.5013 -0.665956 
586.576 -99.2961 -0.668088 
586.327 -99.091 -0.670219 
586.078 -98.8858 -0.672351 
585.829 -98.6807 -0.674482 
585.58 -98.4755 -0.676614 
585.331 -98.2703 -0.678745 
585.082 -98.0652 -0.680877 
584.833 -97.86 -0.683009 
584.584 -97.6549 -0.68514 
584.336 -97.4497 -0.687272 
584.087 -97.2445 -0.689403 
583.838 -97.0394 -0.691535 
583.589 -96.8342 -0.693666 
583.34 -96.6291 -0.695798 
583.091 -96.4239 -0.697929 
582.842 -96.2187 -0.700061 
582.593 -96.0136 -0.702193 
582.345 -95.8084 -0.704324 
582.096 -95.6033 -0.706456 
581.847 -95.3981 -0.708587 
581.598 -95.1929 -0.710719 
581.349 -94.9878 -0.71285 
581.1 -94.7826 -0.714982 
580.851 -94.5775 -0.717114 
580.602 -94.3723 -0.719245 
580.354 -94.1671 -0.721377 
580.105 -93.962 -0.723508 
579.856 -93.7568 -0.72564 
579.607 -93.5517 -0.727771 
579.358 -93.3465 -0.729903 
579.109 -93.1413 -0.732034 
578.86 -92.9362 -0.734166 
578.611 -92.731 -0.736298 
578.363 -92.5259 -0.738429 
578.114 -92.3207 -0.740561 
577.865 -92.1155 -0.742692 
577.616 -91.9104 -0.744824 
577.367 -91.7052 -0.746955 
577.118 -91.5001 -0.749087 
576.895 -91.2667 -0.751218 
576.673 -91.0334 -0.75335 
576.45 -90.8001 -0.755482 
576.227 -90.5667 -0.757613 
576.005 -90.3334 -0.759745 
575.782 -90.1 -0.761876 
575.559 -89.8667 -0.764008 
575.337 -89.6334 -0.766139 
575.114 -89.4 -0.768271 
574.891 -89.1667 -0.770403 
574.669 -88.9334 -0.772534 
574.446 -88.7 -0.774666 
574.223 -88.4667 -0.776797 
574.001 -88.2333 -0.778929 
573.778 -88 -0.78106 
573.555 -87.7667 -0.783192 
573.333 -87.5333 -0.785323 
573.11 -87.3 -0.787455 
572.887 -87.0667 -0.789587 
572.665 -86.8333 -0.791718 
572.442 -86.6 -0.79385 
572.219 -86.3666 -0.795981 
571.997 -86.1333 -0.798113 
571.774 -85.9 -0.800244 
571.551 -85.6666 -0.802376 
571.328 -85.4333 -0.804507 
571.106 -85.2 -0.806639 
570.883 -84.9666 -0.808771 
570.66 -84.7333 -0.810902 
570.438 -84.4999 -0.813034 
570.215 -84.2666 -0.815165 
569.992 -84.0333 -0.817297 
569.77 -83.7999 -0.819428 
569.547 -83.5666 -0.82156 
569.324 -83.3333 -0.823692 
569.102 -83.0999 -0.825823 
568.879 -82.8666 -0.827955 
568.656 -82.6333 -0.830086 
568.434 -82.3999 -0.832218 
568.211 -82.1666 -0.834349 
567.988 -81.9332 -0.836481 
567.766 -81.6999 -0.838612 
567.543 -81.4666 -0.840744 
567.32 -81.2332 -0.842876 
567.098 -80.9999 -0.845007 
566.875 -80.7666 -0.847139 
566.652 -80.5332 -0.84927 
566.43 -80.2999 -0.851402 
566.207 -80.0665 -0.853533 
565.984 -79.8332 -0.855665 
565.762 -79.5999 -0.857796 
565.539 -79.3665 -0.859928 
565.316 -79.1332 -0.86206 
565.094 -78.8999 -0.864191 
564.871 -78.6665 -0.866323 
564.648 -78.4332 -0.868454 
564.455 -78.175 -0.870586 
564.262 -77.9168 -0.872717 
564.068 -77.6586 -0.874849 
563.875 -77.4004 -0.87698 
563.682 -77.1422 -0.879112 
563.488 -76.884 -0.881244 
563.295 -76.6258 -0.883375 
563.102 -76.3676 -0.885507 
562.908 -76.1094 -0.887638 
562.715 -75.8512 -0.88977 
562.522 -75.593 -0.891901 
562.329 -75.3348 -0.894033 
562.135 -75.0767 -0.896165 
561.942 -74.8185 -0.898296 
561.749 -74.5603 -0.900428 
561.555 -74.3021 -0.902559 
561.362 -74.0439 -0.904691 
561.169 -73.7857 -0.906822 
560.975 -73.5275 -0.908954 
560.782 -73.2693 -0.911085 
560.589 -73.0111 -0.913217 
560.395 -72.7529 -0.915349 
560.202 -72.4947 -0.91748 
560.009 -72.2365 -0.919612 
559.816 -71.9783 -0.921743 
559.622 -71.7201 -0.923875 
559.429 -71.4619 -0.926006 
559.236 -71.2037 -0.928138 
559.042 -70.9455 -0.930269 
558.849 -70.6874 -0.932401 
558.656 -70.4292 -0.934533 
558.462 -70.171 -0.936664 
558.269 -69.9128 -0.938796 
558.076 -69.6546 -0.940927 
557.882 -69.3964 -0.943059 
557.689 -69.1382 -0.94519 
557.496 -68.88 -0.947322 
557.303 -68.6218 -0.949454 
557.109 -68.3636 -0.951585 
556.916 -68.1054 -0.953717 
556.723 -67.8472 -0.955848 
556.529 -67.589 -0.95798 
556.336 -67.3308 -0.960111 
556.143 -67.0726 -0.962243 
555.949 -66.8144 -0.964374 
555.756 -66.5562 -0.966506 
555.563 -66.2981 -0.968638 
555.37 -66.0399 -0.970769 
555.176 -65.7817 -0.972901 
554.983 -65.5235 -0.975032 
554.79 -65.2653 -0.977164 
554.596 -65.0071 -0.979295 
554.403 -64.7489 -0.981427 
554.21 -64.4907 -0.983558 
554.016 -64.2325 -0.98569 
553.823 -63.9743 -0.987822 
553.662 -63.6949 -0.989953 
553.501 -63.4156 -0.992085 
553.34 -63.1362 -0.994216 
553.178 -62.8568 -0.996348 
553.017 -62.5774 -0.998479 
552.856 -62.298 -1.00061 
552.695 -62.0187 -1.00274 
552.534 -61.7393 -1.00487 
552.372 -61.4599 -1.00701 
552.211 -61.1805 -1.00914 
552.05 -60.9012 -1.01127 
551.889 -60.6218 -1.0134 
551.728 -60.3424 -1.01553 
551.566 -60.063 -1.01766 
551.405 -59.7837 -1.01979 
551.244 -59.5043 -1.02193 
551.083 -59.2249 -1.02406 
550.922 -58.9455 -1.02619 
550.761 -58.6661 -1.02832 
550.599 -58.3868 -1.03045 
550.438 -58.1074 -1.03258 
550.277 -57.828 -1.03472 
550.116 -57.5486 -1.03685 
549.955 -57.2693 -1.03898 
549.793 -56.9899 -1.04111 
549.632 -56.7105 -1.04324 
549.471 -56.4311 -1.04537 
549.31 -56.1518 -1.04751 
549.149 -55.8724 -1.04964 
548.988 -55.593 -1.05177 
548.826 -55.3136 -1.0539 
548.665 -55.0343 -1.05603 
548.504 -54.7549 -1.05816 
548.343 -54.4755 -1.06029 
548.182 -54.1961 -1.06243 
548.02 -53.9167 -1.06456 
547.859 -53.6374 -1.06669 
547.698 -53.358 -1.06882 
547.537 -53.0786 -1.07095 
547.376 -52.7992 -1.07308 
547.215 -52.5199 -1.07522 
547.053 -52.2405 -1.07735 
546.892 -51.9611 -1.07948 
546.731 -51.6817 -1.08161 
546.57 -51.4024 -1.08374 
546.409 -51.123 -1.08587 
546.247 -50.8436 -1.088 
546.086 -50.5642 -1.09014 
545.925 -50.2849 -1.09227 
545.764 -50.0055 -1.0944 
545.603 -49.7261 -1.09653 
545.442 -49.4467 -1.09866 
545.28 -49.1673 -1.10079 
545.119 -48.888 -1.10293 
544.958 -48.6086 -1.10506 
544.797 -48.3292 -1.10719 
544.67 -48.0326 -1.10932 
544.543 -47.7361 -1.11145 
544.416 -47.4395 -1.11358 
544.29 -47.1429 -1.11572 
544.163 -46.8463 -1.11785 
544.036 -46.5497 -1.11998 
543.909 -46.2531 -1.12211 
543.783 -45.9566 -1.12424 
543.656 -45.66 -1.12637 
543.529 -45.3634 -1.1285 
543.402 -45.0668 -1.13064 
543.276 -44.7702 -1.13277 
543.149 -44.4736 -1.1349 
543.022 -44.1771 -1.13703 
542.895 -43.8805 -1.13916 
542.768 -43.5839 -1.14129 
542.642 -43.2873 -1.14343 
542.515 -42.9907 -1.14556 
542.388 -42.6941 -1.14769 
542.261 -42.3976 -1.14982 
542.135 -42.101 -1.15195 
542.008 -41.8044 -1.15408 
541.881 -41.5078 -1.15621 
541.754 -41.2112 -1.15835 
541.628 -40.9146 -1.16048 
541.501 -40.6181 -1.16261 
541.374 -40.3215 -1.16474 
541.247 -40.0249 -1.16687 
541.121 -39.7283 -1.169 
540.994 -39.4317 -1.17114 
540.867 -39.1351 -1.17327 
540.74 -38.8386 -1.1754 
540.613 -38.542 -1.17753 
540.487 -38.2454 -1.17966 
540.36 -37.9488 -1.18179 
540.233 -37.6522 -1.18393 
540.106 -37.3556 -1.18606 
539.98 -37.0591 -1.18819 
539.853 -36.7625 -1.19032 
539.726 -36.4659 -1.19245 
539.599 -36.1693 -1.19458 
539.473 -35.8727 -1.19671 
539.346 -35.5761 -1.19885 
539.219 -35.2796 -1.20098 
539.092 -34.983 -1.20311 
538.965 -34.6864 -1.20524 
538.839 -34.3898 -1.20737 
538.712 -34.0932 -1.2095 
538.585 -33.7966 -1.21164 
538.458 -33.5001 -1.21377 
538.332 -33.2035 -1.2159 
538.205 -32.9069 -1.21803 
538.078 -32.6103 -1.22016 
537.951 -32.3137 -1.22229 
537.825 -32.0172 -1.22442 
537.698 -31.7206 -1.22656 
537.801 -32.0259 -1.22695 
537.904 -32.3313 -1.22733 
538.007 -32.6367 -1.22772 
538.11 -32.9421 -1.22811 
538.213 -33.2474 -1.2285 
538.316 -33.5528 -1.22889 
538.419 -33.8582 -1.22928 
538.523 -34.1636 -1.22967 
538.626 -34.4689 -1.23006 
538.729 -34.7743 -1.23044 
538.832 -35.0797 -1.23083 
538.935 -35.3851 -1.23122 
539.038 -35.6904 -1.23161 
539.141 -35.9958 -1.232 
539.244 -36.3012 -1.23239 
539.347 -36.6066 -1.23278 
539.45 -36.912 -1.23317 
539.553 -37.2173 -1.23356 
539.657 -37.5227 -1.23394 
539.76 -37.8281 -1.23433 
539.863 -38.1335 -1.23472 
539.966 -38.4388 -1.23511 
540.069 -38.7442 -1.2355 
540.172 -39.0496 -1.23589 
540.275 -39.355 -1.23628 
540.378 -39.6603 -1.23667 
540.481 -39.9657 -1.23705 
540.584 -40.2711 -1.23744 
540.687 -40.5765 -1.23783 
540.791 -40.8818 -1.23822 
540.894 -41.1872 -1.23861 
540.997 -41.4926 -1.239 
541.1 -41.798 -1.23939 
541.203 -42.1033 -1.23978 
541.306 -42.4087 -1.24017 
541.409 -42.7141 -1.24055 
541.512 -43.0195 -1.24094 
541.615 -43.3248 -1.24133 
541.718 -43.6302 -1.24172 
541.821 -43.9356 -1.24211 
541.925 -44.241 -1.2425 
542.028 -44.5463 -1.24289 
542.131 -44.8517 -1.24328 
542.234 -45.1571 -1.24367 
542.337 -45.4625 -1.24405 
542.44 -45.7678 -1.24444 
542.543 -46.0732 -1.24483 
542.646 -46.3786 -1.24522 
542.749 -46.684 -1.24561 
542.852 -46.9893 -1.246 
542.955 -47.2947 -1.24639 
543.059 -47.6001 -1.24678 
543.162 -47.9055 -1.24716 
543.265 -48.2108 -1.24755 
543.368 -48.5162 -1.24794 
543.471 -48.8216 -1.24833 
543.574 -49.127 -1.24872 
543.677 -49.4323 -1.24911 
543.78 -49.7377 -1.2495 
543.883 -50.0431 -1.24989 
543.986 -50.3485 -1.25028 
544.089 -50.6538 -1.25066 
544.193 -50.9592 -1.25105 
544.296 -51.2646 -1.25144 
544.399 -51.57 -1.25183 
544.502 -51.8753 -1.25222 
544.605 -52.1807 -1.25261 
544.708 -52.4861 -1.253 
544.811 -52.7915 -1.25339 
544.914 -53.0968 -1.25377 
545.017 -53.4022 -1.25416 
545.12 -53.7076 -1.25455 
545.223 -54.013 -1.25494 
545.327 -54.3183 -1.25533 
545.43 -54.6237 -1.25572 
545.533 -54.9291 -1.25611 
545.636 -55.2345 -1.2565 
545.739 -55.5398 -1.25689 
545.842 -55.8452 -1.25727 
545.945 -56.1506 -1.25766 
546.048 -56.456 -1.25805 
546.151 -56.7614 -1.25844 
546.254 -57.0667 -1.25883 
546.357 -57.3721 -1.25922 
546.461 -57.6775 -1.25961 
546.564 -57.9829 -1.26 
546.667 -58.2882 -1.26039 
546.77 -58.5936 -1.26077 
546.873 -58.899 -1.26116 
546.976 -59.2044 -1.26155 
547.079 -59.5097 -1.26194 
547.182 -59.8151 -1.26233 
547.285 -60.1205 -1.26272 
547.388 -60.4259 -1.26311 
547.491 -60.7312 -1.2635 
547.595 -61.0366 -1.26388 
547.686 -61.3456 -1.26427 
547.778 -61.6546 -1.26466 
547.869 -61.9636 -1.26505 
547.961 -62.2726 -1.26544 
548.053 -62.5817 -1.26583 
548.144 -62.8907 -1.26622 
548.236 -63.1997 -1.26661 
548.328 -63.5087 -1.267 
548.419 -63.8177 -1.26738 
548.511 -64.1267 -1.26777 
548.602 -64.4357 -1.26816 
548.694 -64.7447 -1.26855 
548.786 -65.0537 -1.26894 
548.877 -65.3627 -1.26933 
548.969 -65.6718 -1.26972 
549.061 -65.9808 -1.27011 
549.152 -66.2898 -1.27049 
549.244 -66.5988 -1.27088 
549.335 -66.9078 -1.27127 
549.427 -67.2168 -1.27166 
549.519 -67.5258 -1.27205 
549.61 -67.8348 -1.27244 
549.702 -68.1438 -1.27283 
549.794 -68.4528 -1.27322 
549.885 -68.7619 -1.27361 
549.977 -69.0709 -1.27399 
550.068 -69.3799 -1.27438 
550.16 -69.6889 -1.27477 
550.252 -69.9979 -1.27516 
550.343 -70.3069 -1.27555 
550.435 -70.6159 -1.27594 
550.527 -70.9249 -1.27633 
550.618 -71.2339 -1.27672 
550.71 -71.5429 -1.27711 
550.801 -71.852 -1.27749 
550.893 -72.161 -1.27788 
550.985 -72.47 -1.27827 
551.076 -72.779 -1.27866 
551.168 -73.088 -1.27905 
551.26 -73.397 -1.27944 
551.351 -73.706 -1.27983 
551.443 -74.015 -1.28022 
551.534 -74.324 -1.2806 
551.626 -74.633 -1.28099 
551.718 -74.9421 -1.28138 
551.809 -75.2511 -1.28177 
551.901 -75.5601 -1.28216 
551.992 -75.8691 -1.28255 
552.084 -76.1781 -1.28294 
552.176 -76.4871 -1.28333 
552.267 -76.7961 -1.28372 
552.359 -77.1051 -1.2841 
552.451 -77.4141 -1.28449 
552.542 -77.7231 -1.28488 
552.634 -78.0322 -1.28527 
552.725 -78.3412 -1.28566 
552.817 -78.6502 -1.28605 
552.909 -78.9592 -1.28644 
553 -79.2682 -1.28683 
553.092 -79.5772 -1.28721 
553.184 -79.8862 -1.2876 
553.275 -80.1952 -1.28799 
553.367 -80.5042 -1.28838 
553.458 -80.8132 -1.28877 
553.55 -81.1223 -1.28916 
553.642 -81.4313 -1.28955 
553.733 -81.7403 -1.28994 
553.825 -82.0493 -1.29033 
553.917 -82.3583 -1.29071 
554.008 -82.6673 -1.2911 
554.1 -82.9763 -1.29149 
554.191 -83.2853 -1.29188 
554.283 -83.5943 -1.29227 
554.375 -83.9033 -1.29266 
554.466 -84.2124 -1.29305 
554.558 -84.5214 -1.29344 
554.65 -84.8304 -1.29383 
554.741 -85.1394 -1.29421 
554.833 -85.4484 -1.2946 
554.924 -85.7574 -1.29499 
555.016 -86.0664 -1.29538 
555.108 -86.3754 -1.29577 
555.199 -86.6844 -1.29616 
555.291 -86.9934 -1.29655 
555.383 -87.3025 -1.29694 
555.474 -87.6115 -1.29732 
555.566 -87.9205 -1.29771 
555.657 -88.2295 -1.2981 
555.749 -88.5385 -1.29849 
555.841 -88.8475 -1.29888 
555.932 -89.1565 -1.29927 
556.024 -89.4655 -1.29966 
556.116 -89.7745 -1.30005 
556.207 -90.0835 -1.30044 
556.299 -90.3926 -1.30082 
556.39 -90.7016 -1.30121 
556.47 -91.0138 -1.3016 
556.55 -91.326 -1.30199 
556.63 -91.6382 -1.30238 
556.711 -91.9504 -1.30277 
556.791 -92.2626 -1.30316 
556.871 -92.5749 -1.30355 
556.951 -92.8871 -1.30394 
557.031 -93.1993 -1.30432 
557.111 -93.5115 -1.30471 
557.191 -93.8237 -1.3051 
557.271 -94.1359 -1.30549 
557.351 -94.4481 -1.30588 
557.431 -94.7604 -1.30627 
557.511 -95.0726 -1.30666 
557.591 -95.3848 -1.30705 
557.671 -95.697 -1.30743 
557.751 -96.0092 -1.30782 
557.831 -96.3214 -1.30821 
557.911 -96.6336 -1.3086 
557.991 -96.9458 -1.30899 
558.071 -97.2581 -1.30938 
558.151 -97.5703 -1.30977 
558.231 -97.8825 -1.31016 
558.311 -98.1947 -1.31055 
558.391 -98.5069 -1.31093 
558.471 -98.8191 -1.31132 
558.551 -99.1313 -1.31171 
558.631 -99.4436 -1.3121 
558.711 -99.7558 -1.31249 
558.791 -100.068 -1.31288 
558.871 -100.38 -1.31327 
558.951 -100.692 -1.31366 
559.031 -101.005 -1.31404 
559.111 -101.317 -1.31443 
559.191 -101.629 -1.31482 
559.271 -101.941 -1.31521 
559.351 -102.253 -1.3156 
559.431 -102.566 -1.31599 
559.511 -102.878 -1.31638 
559.591 -103.19 -1.31677 
559.672 -103.502 -1.31716 
559.752 -103.815 -1.31754 
559.832 -104.127 -1.31793 
559.912 -104.439 -1.31832 
559.992 -104.751 -1.31871 
560.072 -105.063 -1.3191 
560.152 -105.376 -1.31949 
560.232 -105.688 -1.31988 
560.312 -106 -1.32027 
560.392 -106.312 -1.32066 
560.472 -106.624 -1.32104 
560.552 -106.937 -1.32143 
560.632 -107.249 -1.32182 
560.712 -107.561 -1.32221 
560.792 -107.873 -1.3226 
560.872 -108.186 -1.32299 
560.952 -108.498 -1.32338 
561.032 -108.81 -1.32377 
561.112 -109.122 -1.32415 
561.192 -109.434 -1.32454 
561.272 -109.747 -1.32493 
561.352 -110.059 -1.32532 
561.432 -110.371 -1.32571 
561.512 -110.683 -1.3261 
561.592 -110.995 -1.32649 
561.672 -111.308 -1.32688 
561.752 -111.62 -1.32727 
561.832 -111.932 -1.32765 
561.912 -112.244 -1.32804 
561.992 -112.557 -1.32843 
562.072 -112.869 -1.32882 
562.152 -113.181 -1.32921 
562.232 -113.493 -1.3296 
562.312 -113.805 -1.32999 
562.392 -114.118 -1.33038 
562.472 -114.43 -1.33076 
562.552 -114.742 -1.33115 
562.633 -115.054 -1.33154 
562.713 -115.366 -1.33193 
562.793 -115.679 -1.33232 
562.873 -115.991 -1.33271 
562.953 -116.303 -1.3331 
563.033 -116.615 -1.33349 
563.113 -116.928 -1.33388 
563.193 -117.24 -1.33426 
563.273 -117.552 -1.33465 
563.353 -117.864 -1.33504 
563.433 -118.176 -1.33543 
563.513 -118.489 -1.33582 
563.593 -118.801 -1.33621 
563.673 -119.113 -1.3366 
563.753 -119.425 -1.33699 
563.833 -119.737 -1.33738 
563.913 -120.05 -1.33776 
563.993 -120.362 -1.33815 
564.073 -120.674 -1.33854 
564.141 -120.989 -1.33893 
564.21 -121.304 -1.33932 
564.278 -121.619 -1.33971 
564.346 -121.934 -1.3401 
564.415 -122.249 -1.34049 
564.483 -122.564 -1.34087 
564.551 -122.879 -1.34126 
564.62 -123.194 -1.34165 
564.688 -123.509 -1.34204 
564.756 -123.824 -1.34243 
564.825 -124.139 -1.34282 
564.893 -124.454 -1.34321 
564.961 -124.769 -1.3436 
565.029 -125.084 -1.34399 
565.098 -125.399 -1.34437 
565.166 -125.714 -1.34476 
565.234 -126.029 -1.34515 
565.303 -126.344 -1.34554 
565.371 -126.659 -1.34593 
565.439 -126.974 -1.34632 
565.508 -127.289 -1.34671 
565.576 -127.604 -1.3471 
565.644 -127.919 -1.34748 
565.713 -128.234 -1.34787 
565.781 -128.549 -1.34826 
565.849 -128.864 -1.34865 
565.918 -129.179 -1.34904 
565.986 -129.494 -1.34943 
566.054 -129.809 -1.34982 
566.123 -130.124 -1.35021 
566.191 -130.439 -1.3506 
566.259 -130.754 -1.35098 
566.328 -131.069 -1.35137 
566.396 -131.384 -1.35176 
566.464 -131.699 -1.35215 
566.532 -132.014 -1.35254 
566.601 -132.328 -1.35293 
566.669 -132.643 -1.35332 
566.737 -132.958 -1.35371 
566.806 -133.273 -1.3541 
566.874 -133.588 -1.35448 
566.942 -133.903 -1.35487 
567.011 -134.218 -1.35526 
567.079 -134.533 -1.35565 
567.147 -134.848 -1.35604 
567.216 -135.163 -1.35643 
567.284 -135.478 -1.35682 
567.352 -135.793 -1.35721 
567.421 -136.108 -1.35759 
567.489 -136.423 -1.35798 
567.557 -136.738 -1.35837 
567.626 -137.053 -1.35876 
567.694 -137.368 -1.35915 
567.762 -137.683 -1.35954 
567.831 -137.998 -1.35993 
567.899 -138.313 -1.36032 
567.967 -138.628 -1.36071 
568.036 -138.943 -1.36109 
568.104 -139.258 -1.36148 
568.172 -139.573 -1.36187 
568.24 -139.888 -1.36226 
568.309 -140.203 -1.36265 
568.377 -140.518 -1.36304 
568.445 -140.833 -1.36343 
568.514 -141.148 -1.36382 
568.582 -141.463 -1.3642 
568.65 -141.778 -1.36459 
568.719 -142.093 -1.36498 
568.787 -142.408 -1.36537 
568.855 -142.723 -1.36576 
568.924 -143.038 -1.36615 
568.992 -143.353 -1.36654 
569.06 -143.668 -1.36693 
569.129 -143.983 -1.36732 
569.197 -144.298 -1.3677 
569.265 -144.613 -1.36809 
569.334 -144.928 -1.36848 
569.402 -145.243 -1.36887 
569.47 -145.558 -1.36926 
569.539 -145.873 -1.36965 
569.607 -146.188 -1.37004 
569.675 -146.503 -1.37043 
569.744 -146.818 -1.37082 
569.812 -147.133 -1.3712 
569.88 -147.448 -1.37159 
569.948 -147.763 -1.37198 
570.017 -148.078 -1.37237 
570.085 -148.393 -1.37276 
570.153 -148.708 -1.37315 
570.222 -149.023 -1.37354 
570.29 -149.338 -1.37393 
570.358 -149.653 -1.37431 
570.427 -149.968 -1.3747 
570.495 -150.283 -1.37509 
570.563 -150.598 -1.37548 
570.632 -150.913 -1.37587 
570.688 -151.23 -1.37626 
570.745 -151.547 -1.37665 
570.801 -151.864 -1.37704 
570.858 -152.182 -1.37743 
570.914 -152.499 -1.37781 
570.971 -152.816 -1.3782 
571.027 -153.134 -1.37859 
571.084 -153.451 -1.37898 
571.14 -153.768 -1.37937 
571.197 -154.086 -1.37976 
571.253 -154.403 -1.38015 
571.31 -154.72 -1.38054 
571.366 -155.038 -1.38092 
571.423 -155.355 -1.38131 
571.479 -155.672 -1.3817 
571.536 -155.99 -1.38209 
571.592 -156.307 -1.38248 
571.649 -156.624 -1.38287 
571.705 -156.941 -1.38326 
571.762 -157.259 -1.38365 
571.819 -157.576 -1.38404 
571.875 -157.893 -1.38442 
571.932 -158.211 -1.38481 
571.988 -158.528 -1.3852 
572.045 -158.845 -1.38559 
572.101 -159.163 -1.38598 
572.158 -159.48 -1.38637 
572.214 -159.797 -1.38676 
572.271 -160.115 -1.38715 
572.327 -160.432 -1.38754 
572.384 -160.749 -1.38792 
572.44 -161.067 -1.38831 
572.497 -161.384 -1.3887 
572.553 -161.701 -1.38909 
572.61 -162.018 -1.38948 
572.666 -162.336 -1.38987 
572.723 -162.653 -1.39026 
572.779 -162.97 -1.39065 
572.836 -163.288 -1.39103 
572.892 -163.605 -1.39142 
572.949 -163.922 -1.39181 
573.005 -164.24 -1.3922 
573.062 -164.557 -1.39259 
573.118 -164.874 -1.39298 
573.175 -165.192 -1.39337 
573.231 -165.509 -1.39376 
573.288 -165.826 -1.39415 
573.344 -166.144 -1.39453 
573.401 -166.461 -1.39492 
573.458 -166.778 -1.39531 
573.514 -167.095 -1.3957 
573.571 -167.413 -1.39609 
573.627 -167.73 -1.39648 
573.684 -168.047 -1.39687 
573.74 -168.365 -1.39726 
573.797 -168.682 -1.39764 
573.853 -168.999 -1.39803 
573.91 -169.317 -1.39842 
573.966 -169.634 -1.39881 
574.023 -169.951 -1.3992 
574.079 -170.269 -1.39959 
574.136 -170.586 -1.39998 
574.192 -170.903 -1.40037 
574.249 -171.221 -1.40076 
574.305 -171.538 -1.40114 
574.362 -171.855 -1.40153 
574.418 -172.173 -1.40192 
574.475 -172.49 -1.40231 
574.531 -172.807 -1.4027 
574.588 -173.124 -1.40309 
574.644 -173.442 -1.40348 
574.701 -173.759 -1.40387 
574.757 -174.076 -1.40426 
574.814 -174.394 -1.40464 
574.87 -174.711 -1.40503 
574.927 -175.028 -1.40542 
574.983 -175.346 -1.40581 
575.04 -175.663 -1.4062 
575.096 -175.98 -1.40659 
575.153 -176.298 -1.40698 
575.21 -176.615 -1.40737 
575.266 -176.932 -1.40775 
575.323 -177.25 -1.40814 
575.379 -177.567 -1.40853 
575.436 -177.884 -1.40892 
575.492 -178.201 -1.40931 
575.549 -178.519 -1.4097 
575.605 -178.836 -1.41009 
575.662 -179.153 -1.41048 
575.718 -179.471 -1.41087 
575.775 -179.788 -1.41125 
575.831 -180.105 -1.41164 
575.888 -180.423 -1.41203 
575.944 -180.74 -1.41242 
576.001 -181.057 -1.41281 
576.057 -181.375 -1.4132 
576.102 -181.694 -1.41359 
576.147 -182.013 -1.41398 
576.191 -182.332 -1.41436 
576.236 -182.651 -1.41475 
576.28 -182.971 -1.41514 
576.325 -183.29 -1.41553 
576.37 -183.609 -1.41592 
576.414 -183.928 -1.41631 
576.459 -184.247 -1.4167 
576.504 -184.567 -1.41709 
576.548 -184.886 -1.41748 
576.593 -185.205 -1.41786 
576.638 -185.524 -1.41825 
576.682 -185.843 -1.41864 
576.727 -186.163 -1.41903 
576.771 -186.482 -1.41942 
576.816 -186.801 -1.41981 
576.861 -187.12 -1.4202 
576.905 -187.439 -1.42059 
576.95 -187.759 -1.42098 
576.995 -188.078 -1.42136 
577.039 -188.397 -1.42175 
577.084 -188.716 -1.42214 
577.129 -189.035 -1.42253 
577.173 -189.355 -1.42292 
577.218 -189.674 -1.42331 
577.262 -189.993 -1.4237 
577.307 -190.312 -1.42409 
577.352 -190.631 -1.42447 
577.396 -190.951 -1.42486 
577.441 -191.27 -1.42525 
577.486 -191.589 -1.42564 
577.53 -191.908 -1.42603 
577.575 -192.227 -1.42642 
577.62 -192.547 -1.42681 
577.664 -192.866 -1.4272 
577.709 -193.185 -1.42759 
577.753 -193.504 -1.42797 
577.798 -193.823 -1.42836 
577.843 -194.143 -1.42875 
577.887 -194.462 -1.42914 
577.932 -194.781 -1.42953 
577.977 -195.1 -1.42992 
578.021 -195.419 -1.43031 
578.066 -195.739 -1.4307 
578.111 -196.058 -1.43109 
578.155 -196.377 -1.43147 
578.2 -196.696 -1.43186 
578.244 -197.015 -1.43225 
578.289 -197.335 -1.43264 
578.334 -197.654 -1.43303 
578.378 -197.973 -1.43342 
578.423 -198.292 -1.43381 
578.468 -198.611 -1.4342 
578.512 -198.931 -1.43458 
578.557 -199.25 -1.43497 
578.602 -199.569 -1.43536 
578.646 -199.888 -1.43575 
578.691 -200.207 -1.43614 
578.735 -200.527 -1.43653 
578.78 -200.846 -1.43692 
578.825 -201.165 -1.43731 
578.869 -201.484 -1.4377 
578.914 -201.803 -1.43808 
578.959 -202.123 -1.43847 
579.003 -202.442 -1.43886 
579.048 -202.761 -1.43925 
579.092 -203.08 -1.43964 
579.137 -203.4 -1.44003 
579.182 -203.719 -1.44042 
579.226 -204.038 -1.44081 
579.271 -204.357 -1.44119 
579.316 -204.676 -1.44158 
579.36 -204.996 -1.44197 
579.405 -205.315 -1.44236 
579.45 -205.634 -1.44275 
579.494 -205.953 -1.44314 
579.539 -206.272 -1.44353 
579.583 -206.592 -1.44392 
579.628 -206.911 -1.44431 
579.673 -207.23 -1.44469 
579.717 -207.549 -1.44508 
579.762 -207.868 -1.44547 
579.807 -208.188 -1.44586 
579.851 -208.507 -1.44625 
579.896 -208.826 -1.44664 
579.941 -209.145 -1.44703 
579.985 -209.464 -1.44742 
580.03 -209.784 -1.44781 
580.074 -210.103 -1.44819 
580.119 -210.422 -1.44858 
580.164 -210.741 -1.44897 
580.208 -211.06 -1.44936 
580.253 -211.38 -1.44975 
580.298 -211.699 -1.45014 
580.342 -212.018 -1.45053 
580.375 -212.339 -1.45074 
580.408 -212.661 -1.45095 
580.441 -212.982 -1.45117 
580.474 -213.304 -1.45138 
580.508 -213.625 -1.45159 
580.541 -213.947 -1.45181 
580.574 -214.268 -1.45202 
580.607 -214.59 -1.45224 
580.64 -214.911 -1.45245 
580.673 -215.233 -1.45266 
580.706 -215.554 -1.45288 
580.739 -215.876 -1.45309 
580.772 -216.197 -1.4533 
580.805 -216.519 -1.45352 
580.838 -216.84 -1.45373 
580.871 -217.162 -1.45394 
580.904 -217.483 -1.45416 
580.937 -217.805 -1.45437 
580.97 -218.126 -1.45459 
581.003 -218.447 -1.4548 
581.036 -218.769 -1.45501 
581.069 -219.09 -1.45523 
581.102 -219.412 -1.45544 
581.135 -219.733 -1.45565 
581.168 -220.055 -1.45587 
581.201 -220.376 -1.45608 
581.235 -220.698 -1.45629 
581.268 -221.019 -1.45651 
581.301 -221.341 -1.45672 
581.334 -221.662 -1.45694 
581.367 -221.984 -1.45715 
581.4 -222.305 -1.45736 
581.433 -222.627 -1.45758 
581.466 -222.948 -1.45779 
581.499 -223.27 -1.458 
581.532 -223.591 -1.45822 
581.565 -223.913 -1.45843 
581.598 -224.234 -1.45864 
581.631 -224.556 -1.45886 
581.664 -224.877 -1.45907 
581.697 -225.198 -1.45928 
581.73 -225.52 -1.4595 
581.763 -225.841 -1.45971 
581.796 -226.163 -1.45993 
581.829 -226.484 -1.46014 
581.862 -226.806 -1.46035 
581.895 -227.127 -1.46057 
581.928 -227.449 -1.46078 
581.962 -227.77 -1.46099 
581.995 -228.092 -1.46121 
582.028 -228.413 -1.46142 
582.061 -228.735 -1.46163 
582.094 -229.056 -1.46185 
582.127 -229.378 -1.46206 
582.16 -229.699 -1.46228 
582.193 -230.021 -1.46249 
582.226 -230.342 -1.4627 
582.259 -230.664 -1.46292 
582.292 -230.985 -1.46313 
582.325 -231.307 -1.46334 
582.358 -231.628 -1.46356 
582.391 -231.949 -1.46377 
582.424 -232.271 -1.46398 
582.457 -232.592 -1.4642 
582.49 -232.914 -1.46441 
582.523 -233.235 -1.46462 
582.556 -233.557 -1.46484 
582.589 -233.878 -1.46505 
582.622 -234.2 -1.46527 
582.655 -234.521 -1.46548 
582.689 -234.843 -1.46569 
582.722 -235.164 -1.46591 
582.755 -235.486 -1.46612 
582.788 -235.807 -1.46633 
582.821 -236.129 -1.46655 
582.854 -236.45 -1.46676 
582.887 -236.772 -1.46697 
582.92 -237.093 -1.46719 
582.953 -237.415 -1.4674 
582.986 -237.736 -1.46762 
583.019 -238.058 -1.46783 
583.052 -238.379 -1.46804 
583.085 -238.7 -1.46826 
583.118 -239.022 -1.46847 
583.151 -239.343 -1.46868 
583.184 -239.665 -1.4689 
583.217 -239.986 -1.46911 
583.25 -240.308 -1.46932 
583.283 -240.629 -1.46954 
583.316 -240.951 -1.46975 
583.349 -241.272 -1.46997 
583.382 -241.594 -1.47018 
583.416 -241.915 -1.47039 
583.449 -242.237 -1.47061 
583.482 -242.558 -1.47082 
583.515 -242.88 -1.47103 
583.548 -243.201 -1.47125 
583.581 -243.523 -1.47146 
583.614 -243.844 -1.47167 
583.647 -244.166 -1.47189 
583.68 -244.487 -1.4721 
583.713 -244.809 -1.47231 
583.746 -245.13 -1.47253 
583.779 -245.452 -1.47274 
583.812 -245.773 -1.47296 
583.845 -246.094 -1.47317 
583.878 -246.416 -1.47338 
583.911 -246.737 -1.4736 
583.944 -247.059 -1.47381 
583.977 -247.38 -1.47402 
584.01 -247.702 -1.47424 
584.043 -248.023 -1.47445 
584.076 -248.345 -1.47466 
584.109 -248.666 -1.47488 
584.143 -248.988 -1.47509 
584.176 -249.309 -1.47531 
584.209 -249.631 -1.47552 
584.242 -249.952 -1.47573 
584.275 -250.274 -1.47595 
584.308 -250.595 -1.47616 
584.341 -250.917 -1.47637 
584.374 -251.238 -1.47659 
584.407 -251.56 -1.4768 
584.44 -251.881 -1.47701 
584.473 -252.203 -1.47723 
584.506 -252.524 -1.47744 
584.539 -252.845 -1.47766 
584.572 -253.167 -1.47787 
584.605 -253.488 -1.47808 
584.638 -253.81 -1.4783 
584.671 -254.131 -1.47851 
584.704 -254.453 -1.47872 
584.737 -254.774 -1.47894 
584.77 -255.096 -1.47915 
584.803 -255.417 -1.47936 
584.836 -255.739 -1.47958 
584.87 -256.06 -1.47979 
584.903 -256.382 -1.48 
584.936 -256.703 -1.48022 
584.969 -257.025 -1.48043 
585.002 -257.346 -1.48065 
585.035 -257.668 -1.48086 
585.068 -257.989 -1.48107 
585.101 -258.311 -1.48129 
585.134 -258.632 -1.4815 
585.167 -258.954 -1.48171 
585.2 -259.275 -1.48193 
585.233 -259.596 -1.48214 
585.266 -259.918 -1.48235 
585.299 -260.239 -1.48257 
585.332 -260.561 -1.48278 
585.365 -260.882 -1.483 
585.398 -261.204 -1.48321 
585.431 -261.525 -1.48342 
585.464 -261.847 -1.48364 
585.497 -262.168 -1.48385 
585.53 -262.49 -1.48406 
585.563 -262.811 -1.48428 
585.597 -263.133 -1.48449 
585.63 -263.454 -1.4847 
585.663 -263.776 -1.48492 
585.696 -264.097 -1.48513 
585.729 -264.419 -1.48534 
585.762 -264.74 -1.48556 
585.795 -265.062 -1.48577 
585.828 -265.383 -1.48599 
585.861 -265.705 -1.4862 
585.882 -266.027 -1.48641 
585.904 -266.349 -1.48663 
585.926 -266.672 -1.48684 
585.947 -266.994 -1.48705 
585.969 -267.317 -1.48727 
585.99 -267.639 -1.48748 
586.012 -267.962 -1.48769 
586.033 -268.284 -1.48791 
586.055 -268.607 -1.48812 
586.076 -268.929 -1.48834 
586.098 -269.251 -1.48855 
586.12 -269.574 -1.48876 
586.141 -269.896 -1.48898 
586.163 -270.219 -1.48919 
586.184 -270.541 -1.4894 
586.206 -270.864 -1.48962 
586.227 -271.186 -1.48983 
586.249 -271.509 -1.49004 
586.271 -271.831 -1.49026 
586.292 -272.154 -1.49047 
586.314 -272.476 -1.49069 
586.335 -272.798 -1.4909 
586.357 -273.121 -1.49111 
586.378 -273.443 -1.49133 
586.4 -273.766 -1.49154 
586.421 -274.088 -1.49175 
586.443 -274.411 -1.49197 
586.465 -274.733 -1.49218 
586.486 -275.056 -1.49239 
586.508 -275.378 -1.49261 
586.529 -275.7 -1.49282 
586.551 -276.023 -1.49303 
586.572 -276.345 -1.49325 
586.594 -276.668 -1.49346 
586.615 -276.99 -1.49368 
586.637 -277.313 -1.49389 
586.659 -277.635 -1.4941 
586.68 -277.958 -1.49432 
586.702 -278.28 -1.49453 
586.723 -278.603 -1.49474 
586.745 -278.925 -1.49496 
586.766 -279.247 -1.49517 
586.788 -279.57 -1.49538 
586.809 -279.892 -1.4956 
586.831 -280.215 -1.49581 
586.853 -280.537 -1.49603 
586.874 -280.86 -1.49624 
586.896 -281.182 -1.49645 
586.917 -281.505 -1.49667 
586.939 -281.827 -1.49688 
586.96 -282.15 -1.49709 
586.982 -282.472 -1.49731 
587.004 -282.794 -1.49752 
587.025 -283.117 -1.49773 
587.047 -283.439 -1.49795 
587.068 -283.762 -1.49816 
587.09 -284.084 -1.49837 
587.111 -284.407 -1.49859 
587.133 -284.729 -1.4988 
587.154 -285.052 -1.49902 
587.176 -285.374 -1.49923 
587.198 -285.696 -1.49944 
587.219 -286.019 -1.49966 
587.241 -286.341 -1.49987 
587.262 -286.664 -1.50008 
587.284 -286.986 -1.5003 
587.305 -287.309 -1.50051 
587.327 -287.631 -1.50072 
587.348 -287.954 -1.50094 
587.37 -288.276 -1.50115 
587.392 -288.599 -1.50137 
587.413 -288.921 -1.50158 
587.435 -289.243 -1.50179 
587.456 -289.566 -1.50201 
587.478 -289.888 -1.50222 
587.499 -290.211 -1.50243 
587.521 -290.533 -1.50265 
587.542 -290.856 -1.50286 
587.564 -291.178 -1.50307 
587.586 -291.501 -1.50329 
587.607 -291.823 -1.5035 
587.629 -292.145 -1.50372 
587.65 -292.468 -1.50393 
587.672 -292.79 -1.50414 
587.693 -293.113 -1.50436 
587.715 -293.435 -1.50457 
587.737 -293.758 -1.50478 
587.758 -294.08 -1.505 
587.78 -294.403 -1.50521 
587.801 -294.725 -1.50542 
587.823 -295.048 -1.50564 
587.844 -295.37 -1.50585 
587.866 -295.692 -1.50606 
587.887 -296.015 -1.50628 
587.909 -296.337 -1.50649 
587.931 -296.66 -1.50671 
587.952 -296.982 -1.50692 
587.974 -297.305 -1.50713 
587.995 -297.627 -1.50735 
588.017 -297.95 -1.50756 
588.038 -298.272 -1.50777 
588.06 -298.594 -1.50799 
588.081 -298.917 -1.5082 
588.103 -299.239 -1.50841 
588.125 -299.562 -1.50863 
588.146 -299.884 -1.50884 
588.168 -300.207 -1.50906 
588.189 -300.529 -1.50927 
588.211 -300.852 -1.50948 
588.232 -301.174 -1.5097 
588.254 -301.497 -1.50991 
588.276 -301.819 -1.51012 
588.297 -302.141 -1.51034 
588.319 -302.464 -1.51055 
588.34 -302.786 -1.51076 
588.362 -303.109 -1.51098 
588.383 -303.431 -1.51119 
588.405 -303.754 -1.5114 
588.426 -304.076 -1.51162 
588.448 -304.399 -1.51183 
588.47 -304.721 -1.51205 
588.491 -305.043 -1.51226 
588.513 -305.366 -1.51247 
588.534 -305.688 -1.51269 
588.556 -306.011 -1.5129 
588.577 -306.333 -1.51311 
588.599 -306.656 -1.51333 
588.62 -306.978 -1.51354 
588.642 -307.301 -1.51375 
588.664 -307.623 -1.51397 
588.685 -307.946 -1.51418 
588.707 -308.268 -1.5144 
588.728 -308.59 -1.51461 
588.75 -308.913 -1.51482 
588.771 -309.235 -1.51504 
588.793 -309.558 -1.51525 
588.814 -309.88 -1.51546 
588.836 -310.203 -1.51568 
588.858 -310.525 -1.51589 
588.879 -310.848 -1.5161 
588.901 -311.17 -1.51632 
588.922 -311.493 -1.51653 
588.944 -311.815 -1.51675 
588.965 -312.137 -1.51696 
588.987 -312.46 -1.51717 
589.009 -312.782 -1.51739 
589.03 -313.105 -1.5176 
589.052 -313.427 -1.51781 
589.073 -313.75 -1.51803 
589.095 -314.072 -1.51824 
589.116 -314.395 -1.51845 
589.138 -314.717 -1.51867 
589.159 -315.039 -1.51888 
589.181 -315.362 -1.51909 
589.203 -315.684 -1.51931 
589.224 -316.007 -1.51952 
589.246 -316.329 -1.51974 
589.267 -316.652 -1.51995 
589.289 -316.974 -1.52016 
589.31 -317.297 -1.52038 
589.332 -317.619 -1.52059 
589.353 -317.942 -1.5208 
589.375 -318.264 -1.52102 
589.397 -318.586 -1.52123 
589.418 -318.909 -1.52144 
589.44 -319.231 -1.52166 
589.461 -319.554 -1.52187 
589.471 -319.877 -1.52209 
589.481 -320.2 -1.5223 
589.491 -320.523 -1.52251 
589.501 -320.846 -1.52273 
589.511 -321.169 -1.52294 
589.522 -321.492 -1.52315 
589.532 -321.815 -1.52337 
589.542 -322.138 -1.52358 
589.552 -322.461 -1.52379 
589.562 -322.784 -1.52401 
589.572 -323.107 -1.52422 
589.582 -323.43 -1.52443 
589.592 -323.753 -1.52465 
589.602 -324.076 -1.52486 
589.612 -324.399 -1.52508 
589.622 -324.722 -1.52529 
589.632 -325.045 -1.5255 
589.642 -325.368 -1.52572 
589.652 -325.691 -1.52593 
589.662 -326.014 -1.52614 
589.672 -326.337 -1.52636 
589.682 -326.66 -1.52657 
589.692 -326.983 -1.52678 
589.702 -327.306 -1.527 
589.712 -327.629 -1.52721 
589.722 -327.952 -1.52743 
589.732 -328.275 -1.52764 
589.743 -328.598 -1.52785 
589.753 -328.921 -1.52807 
589.763 -329.244 -1.52828 
589.773 -329.567 -1.52849 
589.783 -329.89 -1.52871 
589.793 -330.213 -1.52892 
589.803 -330.536 -1.52913 
589.813 -330.859 -1.52935 
589.823 -331.182 -1.52956 
589.833 -331.505 -1.52978 
589.843 -331.828 -1.52999 
589.853 -332.151 -1.5302 
589.863 -332.474 -1.53042 
589.873 -332.797 -1.53063 
589.883 -333.12 -1.53084 
589.893 -333.443 -1.53106 
589.903 -333.766 -1.53127 
589.913 -334.089 -1.53148 
589.923 -334.412 -1.5317 
589.933 -334.735 -1.53191 
589.943 -335.058 -1.53212 
589.953 -335.381 -1.53234 
589.964 -335.704 -1.53255 
589.974 -336.027 -1.53277 
589.984 -336.351 -1.53298 
589.994 -336.674 -1.53319 
590.004 -336.997 -1.53341 
590.014 -337.32 -1.53362 
590.024 -337.643 -1.53383 
590.034 -337.966 -1.53405 
590.044 -338.289 -1.53426 
590.054 -338.612 -1.53447 
590.064 -338.935 -1.53469 
590.074 -339.258 -1.5349 
590.084 -339.581 -1.53512 
590.094 -339.904 -1.53533 
590.104 -340.227 -1.53554 
590.114 -340.55 -1.53576 
590.124 -340.873 -1.53597 
590.134 -341.196 -1.53618 
590.144 -341.519 -1.5364 
590.154 -341.842 -1.53661 
590.164 -342.165 -1.53682 
590.174 -342.488 -1.53704 
590.185 -342.811 -1.53725 
590.195 -343.134 -1.53747 
590.205 -343.457 -1.53768 
590.215 -343.78 -1.53789 
590.225 -344.103 -1.53811 
590.235 -344.426 -1.53832 
590.245 -344.749 -1.53853 
590.255 -345.072 -1.53875 
590.265 -345.395 -1.53896 
590.275 -345.718 -1.53917 
590.285 -346.041 -1.53939 
590.295 -346.364 -1.5396 
590.305 -346.687 -1.53981 
590.315 -347.01 -1.54003 
590.325 -347.333 -1.54024 
590.335 -347.656 -1.54046 
590.345 -347.979 -1.54067 
590.355 -348.302 -1.54088 
590.365 -348.625 -1.5411 
590.375 -348.948 -1.54131 
590.385 -349.271 -1.54152 
590.395 -349.594 -1.54174 
590.406 -349.917 -1.54195 
590.416 -350.24 -1.54216 
590.426 -350.563 -1.54238 
590.436 -350.886 -1.54259 
590.446 -351.209 -1.54281 
590.456 -351.532 -1.54302 
590.466 -351.855 -1.54323 
590.476 -352.178 -1.54345 
590.486 -352.501 -1.54366 
590.496 -352.824 -1.54387 
590.506 -353.147 -1.54409 
590.516 -353.47 -1.5443 
590.526 -353.793 -1.54451 
590.536 -354.116 -1.54473 
590.546 -354.439 -1.54494 
590.556 -354.762 -1.54515 
590.566 -355.085 -1.54537 
590.576 -355.408 -1.54558 
590.586 -355.731 -1.5458 
590.596 -356.054 -1.54601 
590.606 -356.377 -1.54622 
590.616 -356.7 -1.54644 
590.627 -357.023 -1.54665 
590.637 -357.346 -1.54686 
590.647 -357.669 -1.54708 
590.657 -357.992 -1.54729 
590.667 -358.315 -1.5475 
590.677 -358.639 -1.54772 
590.687 -358.962 -1.54793 
590.697 -359.285 -1.54815 
590.707 -359.608 -1.54836 
590.717 -359.931 -1.54857 
590.727 -360.254 -1.54879 
590.737 -360.577 -1.549 
590.747 -360.9 -1.54921 
590.757 -361.223 -1.54943 
590.767 -361.546 -1.54964 
590.777 -361.869 -1.54985 
590.787 -362.192 -1.55007 
590.797 -362.515 -1.55028 
590.807 -362.838 -1.5505 
590.817 -363.161 -1.55071 
590.827 -363.484 -1.55092 
590.837 -363.807 -1.55114 
590.848 -364.13 -1.55135 
590.858 -364.453 -1.55156 
590.868 -364.776 -1.55178 
590.878 -365.099 -1.55199 
590.888 -365.422 -1.5522 
590.898 -365.745 -1.55242 
590.908 -366.068 -1.55263 
590.918 -366.391 -1.55284 
590.928 -366.714 -1.55306 
590.938 -367.037 -1.55327 
590.948 -367.36 -1.55349 
590.958 -367.683 -1.5537 
590.968 -368.006 -1.55391 
590.978 -368.329 -1.55413 
590.988 -368.652 -1.55434 
590.998 -368.975 -1.55455 
591.008 -369.298 -1.55477 
591.018 -369.621 -1.55498 
591.028 -369.944 -1.55519 
591.038 -370.267 -1.55541 
591.048 -370.59 -1.55562 
591.058 -370.913 -1.55584 
591.068 -371.236 -1.55605 
591.079 -371.559 -1.55626 
591.089 -371.882 -1.55648 
591.099 -372.205 -1.55669 
591.109 -372.528 -1.5569 
591.119 -372.851 -1.55712 
591.129 -373.174 -1.55733 
591.139 -373.497 -1.55754 
591.139 -373.822 -1.5596 
591.139 -374.146 -1.56165 
591.139 -374.471 -1.5637 
591.139 -374.795 -1.56575 
591.139 -375.12 -1.5678 
591.139 -375.444 -1.56985 
591.139 -375.769 -1.5719 
591.139 -376.093 -1.57395 
591.139 -376.418 -1.57601 
591.139 -376.742 -1.57806 
591.139 -377.067 -1.58011 
591.138 -377.391 -1.58216 
591.138 -377.716 -1.58421 
591.13 -378.04 -1.58626 
591.121 -378.365 -1.58831 
591.112 -378.689 -1.59036 
591.104 -379.014 -1.59242 
591.095 -379.338 -1.59447 
591.086 -379.662 -1.59652 
591.078 -379.987 -1.59857 
591.069 -380.311 -1.60062 
591.06 -380.636 -1.60267 
591.052 -380.96 -1.60472 
591.043 -381.284 -1.60677 
591.034 -381.609 -1.60883 
591.026 -381.933 -1.61088 
591.008 -382.257 -1.61293 
590.991 -382.581 -1.61498 
590.974 -382.905 -1.61703 
590.956 -383.229 -1.61908 
590.939 -383.553 -1.62113 
590.922 -383.878 -1.62318 
590.904 -384.202 -1.62524 
590.887 -384.526 -1.62729 
590.87 -384.85 -1.62934 
590.852 -385.174 -1.63139 
590.835 -385.498 -1.63344 
590.818 -385.822 -1.63549 
590.8 -386.146 -1.63754 
590.774 -386.469 -1.63959 
590.748 -386.793 -1.64165 
590.723 -387.116 -1.6437 
590.697 -387.44 -1.64575 
590.671 -387.763 -1.6478 
590.645 -388.087 -1.64985 
590.619 -388.41 -1.6519 
590.593 -388.734 -1.65395 
590.567 -389.057 -1.656 
590.541 -389.381 -1.65806 
590.515 -389.704 -1.66011 
590.489 -390.028 -1.66216 
590.463 -390.351 -1.66421 
590.428 -390.674 -1.66626 
590.394 -390.997 -1.66831 
590.359 -391.319 -1.67036 
590.325 -391.642 -1.67241 
590.29 -391.965 -1.67447 
590.255 -392.287 -1.67652 
590.221 -392.61 -1.67857 
590.186 -392.933 -1.68062 
590.152 -393.255 -1.68267 
590.117 -393.578 -1.68472 
590.083 -393.901 -1.68677 
590.048 -394.223 -1.68882 
590.013 -394.546 -1.69088 
589.97 -394.868 -1.69293 
589.927 -395.189 -1.69498 
589.884 -395.511 -1.69703 
589.841 -395.832 -1.69908 
589.798 -396.154 -1.70113 
589.754 -396.476 -1.70318 
589.711 -396.797 -1.70524 
589.668 -397.119 -1.70729 
589.625 -397.441 -1.70934 
589.582 -397.762 -1.71139 
589.539 -398.084 -1.71344 
589.495 -398.406 -1.71549 
589.452 -398.727 -1.71754 
589.401 -399.048 -1.71959 
589.349 -399.368 -1.72165 
589.297 -399.688 -1.7237 
589.245 -400.009 -1.72575 
589.194 -400.329 -1.7278 
589.142 -400.649 -1.72985 
589.09 -400.97 -1.7319 
589.038 -401.29 -1.73395 
588.987 -401.611 -1.736 
588.935 -401.931 -1.73806 
588.883 -402.251 -1.74011 
588.832 -402.572 -1.74216 
588.78 -402.892 -1.74421 
588.72 -403.211 -1.74626 
588.659 -403.53 -1.74831 
588.599 -403.849 -1.75036 
588.539 -404.168 -1.75241 
588.479 -404.486 -1.75447 
588.418 -404.805 -1.75652 
588.358 -405.124 -1.75857 
588.298 -405.443 -1.76062 
588.238 -405.762 -1.76267 
588.177 -406.081 -1.76472 
588.117 -406.4 -1.76677 
588.057 -406.719 -1.76882 
587.997 -407.037 -1.77088 
588.084 -406.689 -1.86152 
588.203 -406.349 -1.95216 
588.351 -406.022 -2.0428 
588.529 -405.709 -2.13344 
588.735 -405.414 -2.22408 
588.966 -405.138 -2.31472 
589.221 -404.885 -2.40536 
589.499 -404.656 -2.496 
589.777 -404.505 -2.52305 
590.056 -404.353 -2.5501 
590.335 -404.202 -2.57715 
590.614 -404.051 -2.6042 
590.892 -403.9 -2.63125 
591.171 -403.749 -2.6583 
591.45 -403.598 -2.68536 
591.728 -403.447 -2.71241 
592.007 -403.296 -2.73946 
592.286 -403.144 -2.76651 
592.565 -402.993 -2.79356 
592.875 -402.931 -2.82061 
593.186 -402.868 -2.84766 
593.497 -402.805 -2.87472 
593.808 -402.742 -2.90177 
594.119 -402.68 -2.92882 
594.429 -402.617 -2.95587 
594.74 -402.554 -2.98292 
595.051 -402.491 -3.00997 
595.362 -402.428 -3.03702 
595.673 -402.366 -3.06408 
595.983 -402.303 -3.09113 
596.273 -402.331 -3.11592 
596.562 -402.36 -3.14072 
596.851 -402.389 3.11767 
597.14 -402.417 3.09287 
597.43 -402.446 3.06807 
597.719 -402.474 3.04328 
598.008 -402.503 3.01848 
598.297 -402.531 2.99368 
598.587 -402.56 2.96888 
598.876 -402.588 2.94409 
599.165 -402.617 2.91929 
599.454 -402.645 2.89449 
599.747 -402.768 2.86744 
600.039 -402.89 2.84039 
600.332 -403.012 2.81334 
600.624 -403.134 2.78629 
600.917 -403.257 2.75924 
601.21 -403.379 2.73219 
601.502 -403.501 2.70513 
601.795 -403.623 2.67808 
602.087 -403.746 2.65103 
602.38 -403.868 2.62398 
602.672 -403.99 2.59693 
602.896 -404.176 2.57213 
603.119 -404.362 2.54733 
603.343 -404.548 2.52254 
603.566 -404.733 2.49774 
603.79 -404.919 2.47294 
604.013 -405.105 2.44815 
604.237 -405.291 2.42335 
604.46 -405.476 2.39855 
604.684 -405.662 2.37375 
604.907 -405.848 2.34896 
605.131 -406.034 2.32416 
605.355 -406.22 2.29936 
605.528 -406.485 2.27231 
605.702 -406.75 2.24526 
605.876 -407.015 2.21821 
606.049 -407.281 2.19116 
606.223 -407.546 2.16411 
606.397 -407.811 2.13706 
606.57 -408.076 2.11 
606.744 -408.342 2.08295 
606.918 -408.607 2.0559 
607.092 -408.872 2.02885 
607.265 -409.137 2.0018 
607.139 -408.849 2.00064 
607.012 -408.56 1.99948 
606.885 -408.271 1.99832 
606.758 -407.982 1.99716 
606.631 -407.693 1.996 
606.505 -407.405 1.99484 
606.378 -407.116 1.99368 
606.251 -406.827 1.99252 
606.124 -406.538 1.99135 
605.998 -406.249 1.99019 
605.871 -405.961 1.98903 
605.744 -405.672 1.98787 
605.617 -405.383 1.98671 
605.491 -405.094 1.98555 
605.364 -404.805 1.98439 
605.237 -404.517 1.98323 
605.11 -404.228 1.98207 
604.984 -403.939 1.98091 
604.857 -403.65 1.97975 
604.73 -403.362 1.97859 
604.603 -403.073 1.97743 
604.477 -402.784 1.97627 
604.35 -402.495 1.97511 
604.223 -402.206 1.97395 
604.096 -401.918 1.97279 
603.97 -401.629 1.97163 
603.843 -401.34 1.97047 
603.716 -401.051 1.96931 
603.589 -400.762 1.96815 
603.463 -400.474 1.96699 
603.385 -400.229 1.87806 
603.307 -399.984 1.78914 
603.274 -399.729 1.70022 
603.241 -399.475 1.61129 
603.253 -399.218 1.52237 
603.266 -398.961 1.43345 
603.323 -398.711 1.34453 
603.381 -398.461 1.2556 
603.482 -398.225 1.16668 
603.583 -397.988 1.07776 
603.724 -397.774 0.988836 
603.865 -397.559 0.899913 
603.67 -397.733 0.830352 
603.475 -397.906 0.760791 
603.279 -398.08 0.69123 
603.084 -398.253 0.621668 
602.888 -398.427 0.552107 
602.585 -398.547 0.465156 
602.281 -398.668 0.378204 
601.977 -398.789 0.291253 
601.674 -398.909 0.204301 
601.412 -398.917 0.13474 
601.151 -398.925 0.0651786 
600.89 -398.933 -0.00438256 
600.629 -398.941 -0.0739438 
600.367 -398.949 -0.143505 
600.057 -398.847 -0.230457 
599.747 -398.745 -0.317408 
599.436 -398.643 -0.40436 
599.126 -398.541 -0.491311 
599.321 -398.694 -0.606851 
599.515 -398.846 -0.722391 
599.71 -398.999 -0.83793 
599.907 -399.313 -1.01124 
600.104 -399.628 -1.18455 

