50 -50 0 
50.4184 -50.025 -0.00161452 
50.8368 -50.05 -0.00322905 
51.2552 -50.0751 -0.00484357 
51.6735 -50.1001 -0.0064581 
52.0919 -50.1251 -0.00807262 
52.5103 -50.1501 -0.00968715 
52.9287 -50.1752 -0.0113017 
53.3471 -50.2002 -0.0129162 
53.7655 -50.2252 -0.0145307 
54.1839 -50.2502 -0.0161452 
54.6023 -50.2753 -0.0177598 
55.0206 -50.3003 -0.0193743 
55.439 -50.3253 -0.0209888 
55.8574 -50.3503 -0.0226033 
56.2758 -50.3753 -0.0242179 
56.6942 -50.4004 -0.0258324 
57.1126 -50.4254 -0.0274469 
57.531 -50.4504 -0.0290614 
57.9494 -50.4754 -0.030676 
58.3677 -50.5005 -0.0322905 
58.7861 -50.5255 -0.033905 
59.2045 -50.5505 -0.0355195 
59.6229 -50.5755 -0.0371341 
60.0413 -50.6006 -0.0387486 
60.4597 -50.6256 -0.0403631 
60.8781 -50.6506 -0.0419776 
61.2965 -50.6756 -0.0435922 
61.7148 -50.7006 -0.0452067 
62.1332 -50.7257 -0.0468212 
62.5516 -50.7507 -0.0484357 
62.97 -50.7757 -0.0500503 
63.3884 -50.8007 -0.0516648 
63.8068 -50.8258 -0.0532793 
64.2252 -50.8508 -0.0548938 
64.6436 -50.8758 -0.0565084 
65.0619 -50.9008 -0.0581229 
65.4803 -50.9259 -0.0597374 
65.8987 -50.9509 -0.0613519 
66.3171 -50.9759 -0.0629664 
66.7355 -51.0009 -0.064581 
67.1539 -51.0259 -0.0661955 
67.5723 -51.051 -0.06781 
67.9907 -51.076 -0.0694245 
68.409 -51.101 -0.0710391 
68.8274 -51.126 -0.0726536 
69.2458 -51.1511 -0.0742681 
69.6642 -51.1761 -0.0758826 
70.0826 -51.2011 -0.0774972 
70.501 -51.2261 -0.0791117 
70.9194 -51.2512 -0.0807262 
71.3377 -51.2762 -0.0823407 
71.7561 -51.3012 -0.0839553 
72.1745 -51.3262 -0.0855698 
72.5929 -51.3512 -0.0871843 
73.0113 -51.3763 -0.0887988 
73.4297 -51.4013 -0.0904134 
73.8481 -51.4263 -0.0920279 
74.2665 -51.4513 -0.0936424 
74.6848 -51.4764 -0.0952569 
75.1032 -51.5014 -0.0968715 
75.5216 -51.5264 -0.098486 
75.94 -51.5514 -0.100101 
76.3584 -51.5765 -0.101715 
76.7768 -51.6015 -0.10333 
77.1952 -51.6265 -0.104944 
77.6136 -51.6515 -0.106559 
78.0319 -51.6766 -0.108173 
78.4503 -51.7016 -0.109788 
78.8687 -51.7266 -0.111402 
79.2871 -51.7516 -0.113017 
79.7055 -51.7766 -0.114631 
80.1239 -51.8017 -0.116246 
80.5423 -51.8267 -0.11786 
80.9607 -51.8517 -0.119475 
81.3731 -51.9264 -0.121089 
81.7855 -52.0011 -0.122704 
82.1979 -52.0759 -0.124318 
82.6103 -52.1506 -0.125933 
83.0228 -52.2253 -0.127547 
83.4352 -52.3 -0.129162 
83.8476 -52.3747 -0.130776 
84.26 -52.4494 -0.132391 
84.6725 -52.5241 -0.134006 
85.0849 -52.5988 -0.13562 
85.4973 -52.6736 -0.137235 
85.9097 -52.7483 -0.138849 
86.3221 -52.823 -0.140464 
86.7346 -52.8977 -0.142078 
87.147 -52.9724 -0.143693 
87.5594 -53.0471 -0.145307 
87.9718 -53.1218 -0.146922 
88.3843 -53.1965 -0.148536 
88.7967 -53.2713 -0.150151 
89.2091 -53.346 -0.151765 
89.6215 -53.4207 -0.15338 
90.0339 -53.4954 -0.154994 
90.4464 -53.5701 -0.156609 
90.8588 -53.6448 -0.158223 
91.2712 -53.7195 -0.159838 
91.6836 -53.7942 -0.161452 
92.0961 -53.869 -0.163067 
92.5085 -53.9437 -0.164681 
92.9209 -54.0184 -0.166296 
93.3333 -54.0931 -0.167911 
93.7457 -54.1678 -0.169525 
94.1582 -54.2425 -0.17114 
94.5706 -54.3172 -0.172754 
94.983 -54.3919 -0.174369 
95.3954 -54.4667 -0.175983 
95.8079 -54.5414 -0.177598 
96.2203 -54.6161 -0.179212 
96.6327 -54.6908 -0.180827 
97.0451 -54.7655 -0.182441 
97.4575 -54.8402 -0.184056 
97.87 -54.9149 -0.18567 
98.2824 -54.9896 -0.187285 
98.6948 -55.0644 -0.188899 
99.1072 -55.1391 -0.190514 
99.5197 -55.2138 -0.192128 
99.9321 -55.2885 -0.193743 
100.344 -55.3632 -0.195357 
100.757 -55.4379 -0.196972 
101.169 -55.5126 -0.198586 
101.582 -55.5873 -0.200201 
101.994 -55.6621 -0.201816 
102.407 -55.7368 -0.20343 
102.819 -55.8115 -0.205045 
103.231 -55.8862 -0.206659 
103.644 -55.9609 -0.208274 
104.056 -56.0356 -0.209888 
104.469 -56.1103 -0.211503 
104.881 -56.185 -0.213117 
105.294 -56.2598 -0.214732 
105.706 -56.3345 -0.216346 
106.118 -56.4092 -0.217961 
106.531 -56.4839 -0.219575 
106.943 -56.5586 -0.22119 
107.356 -56.6333 -0.222804 
107.768 -56.708 -0.224419 
108.181 -56.7827 -0.226033 
108.593 -56.8575 -0.227648 
109.005 -56.9322 -0.229262 
109.418 -57.0069 -0.230877 
109.83 -57.0816 -0.232491 
110.243 -57.1563 -0.234106 
110.655 -57.231 -0.235721 
111.067 -57.3057 -0.237335 
111.48 -57.3804 -0.23895 
111.88 -57.5038 -0.240564 
112.281 -57.6271 -0.242179 
112.682 -57.7505 -0.243793 
113.082 -57.8738 -0.245408 
113.483 -57.9971 -0.247022 
113.883 -58.1205 -0.248637 
114.284 -58.2438 -0.250251 
114.685 -58.3671 -0.251866 
115.085 -58.4905 -0.25348 
115.486 -58.6138 -0.255095 
115.886 -58.7372 -0.256709 
116.287 -58.8605 -0.258324 
116.687 -58.9838 -0.259938 
117.088 -59.1072 -0.261553 
117.489 -59.2305 -0.263167 
117.889 -59.3538 -0.264782 
118.29 -59.4772 -0.266397 
118.69 -59.6005 -0.268011 
119.091 -59.7239 -0.269626 
119.491 -59.8472 -0.27124 
119.892 -59.9705 -0.272855 
120.293 -60.0939 -0.274469 
120.693 -60.2172 -0.276084 
121.094 -60.3405 -0.277698 
121.494 -60.4639 -0.279313 
121.895 -60.5872 -0.280927 
122.295 -60.7105 -0.282542 
122.696 -60.8339 -0.284156 
123.097 -60.9572 -0.285771 
123.497 -61.0806 -0.287385 
123.898 -61.2039 -0.289 
124.298 -61.3272 -0.290614 
124.699 -61.4506 -0.292229 
125.1 -61.5739 -0.293843 
125.5 -61.6972 -0.295458 
125.901 -61.8206 -0.297072 
126.301 -61.9439 -0.298687 
126.702 -62.0673 -0.300302 
127.102 -62.1906 -0.301916 
127.503 -62.3139 -0.303531 
127.904 -62.4373 -0.305145 
128.304 -62.5606 -0.30676 
128.705 -62.6839 -0.308374 
129.105 -62.8073 -0.309989 
129.506 -62.9306 -0.311603 
129.906 -63.0539 -0.313218 
130.307 -63.1773 -0.314832 
130.708 -63.3006 -0.316447 
131.108 -63.424 -0.318061 
131.509 -63.5473 -0.319676 
131.909 -63.6706 -0.32129 
132.31 -63.794 -0.322905 
132.71 -63.9173 -0.324519 
133.111 -64.0406 -0.326134 
133.512 -64.164 -0.327748 
133.912 -64.2873 -0.329363 
134.313 -64.4107 -0.330977 
134.713 -64.534 -0.332592 
135.114 -64.6573 -0.334207 
135.515 -64.7807 -0.335821 
135.915 -64.904 -0.337436 
136.316 -65.0273 -0.33905 
136.716 -65.1507 -0.340665 
137.117 -65.274 -0.342279 
137.517 -65.3974 -0.343894 
137.918 -65.5207 -0.345508 
138.319 -65.644 -0.347123 
138.719 -65.7674 -0.348737 
139.12 -65.8907 -0.350352 
139.52 -66.014 -0.351966 
139.921 -66.1374 -0.353581 
140.321 -66.2607 -0.355195 
140.722 -66.384 -0.35681 
141.123 -66.5074 -0.358424 
141.506 -66.6776 -0.360039 
141.889 -66.8478 -0.361653 
142.272 -67.018 -0.363268 
142.655 -67.1882 -0.364882 
143.038 -67.3584 -0.366497 
143.421 -67.5286 -0.368112 
143.804 -67.6988 -0.369726 
144.187 -67.869 -0.371341 
144.57 -68.0392 -0.372955 
144.953 -68.2094 -0.37457 
145.336 -68.3796 -0.376184 
145.719 -68.5498 -0.377799 
146.102 -68.72 -0.379413 
146.485 -68.8902 -0.381028 
146.868 -69.0604 -0.382642 
147.251 -69.2306 -0.384257 
147.634 -69.4008 -0.385871 
148.017 -69.571 -0.387486 
148.4 -69.7412 -0.3891 
148.783 -69.9114 -0.390715 
149.166 -70.0816 -0.392329 
149.549 -70.2518 -0.393944 
149.932 -70.422 -0.395558 
150.315 -70.5923 -0.397173 
150.698 -70.7625 -0.398788 
151.081 -70.9327 -0.400402 
151.464 -71.1029 -0.402017 
151.847 -71.2731 -0.403631 
152.23 -71.4433 -0.405246 
152.613 -71.6135 -0.40686 
152.996 -71.7837 -0.408475 
153.379 -71.9539 -0.410089 
153.762 -72.1241 -0.411704 
154.145 -72.2943 -0.413318 
154.528 -72.4645 -0.414933 
154.911 -72.6347 -0.416547 
155.294 -72.8049 -0.418162 
155.677 -72.9751 -0.419776 
156.06 -73.1453 -0.421391 
156.443 -73.3155 -0.423005 
156.826 -73.4857 -0.42462 
157.209 -73.6559 -0.426234 
157.593 -73.8261 -0.427849 
157.976 -73.9963 -0.429463 
158.359 -74.1665 -0.431078 
158.742 -74.3367 -0.432693 
159.125 -74.5069 -0.434307 
159.508 -74.6771 -0.435922 
159.891 -74.8473 -0.437536 
160.274 -75.0175 -0.439151 
160.657 -75.1877 -0.440765 
161.04 -75.3579 -0.44238 
161.423 -75.5281 -0.443994 
161.806 -75.6983 -0.445609 
162.189 -75.8685 -0.447223 
162.572 -76.0387 -0.448838 
162.955 -76.2089 -0.450452 
163.338 -76.3791 -0.452067 
163.721 -76.5494 -0.453681 
164.104 -76.7196 -0.455296 
164.487 -76.8898 -0.45691 
164.87 -77.06 -0.458525 
165.253 -77.2302 -0.460139 
165.636 -77.4004 -0.461754 
166.019 -77.5706 -0.463368 
166.402 -77.7408 -0.464983 
166.785 -77.911 -0.466598 
167.168 -78.0812 -0.468212 
167.551 -78.2514 -0.469827 
167.934 -78.4216 -0.471441 
168.317 -78.5918 -0.473056 
168.7 -78.762 -0.47467 
169.083 -78.9322 -0.476285 
169.466 -79.1024 -0.477899 
169.826 -79.317 -0.479514 
170.186 -79.5317 -0.481128 
170.546 -79.7463 -0.482743 
170.906 -79.961 -0.484357 
171.266 -80.1756 -0.485972 
171.626 -80.3902 -0.487586 
171.986 -80.6049 -0.489201 
172.346 -80.8195 -0.490815 
172.706 -81.0342 -0.49243 
173.066 -81.2488 -0.494044 
173.426 -81.4635 -0.495659 
173.786 -81.6781 -0.497273 
174.146 -81.8927 -0.498888 
174.506 -82.1074 -0.500503 
174.866 -82.322 -0.502117 
175.226 -82.5367 -0.503732 
175.586 -82.7513 -0.505346 
175.946 -82.966 -0.506961 
176.306 -83.1806 -0.508575 
176.666 -83.3952 -0.51019 
177.026 -83.6099 -0.511804 
177.386 -83.8245 -0.513419 
177.746 -84.0392 -0.515033 
178.106 -84.2538 -0.516648 
178.466 -84.4684 -0.518262 
178.826 -84.6831 -0.519877 
179.186 -84.8977 -0.521491 
179.546 -85.1124 -0.523106 
179.906 -85.327 -0.52472 
180.266 -85.5417 -0.526335 
180.626 -85.7563 -0.527949 
180.986 -85.9709 -0.529564 
181.346 -86.1856 -0.531178 
181.706 -86.4002 -0.532793 
182.066 -86.6149 -0.534408 
182.426 -86.8295 -0.536022 
182.786 -87.0442 -0.537637 
183.146 -87.2588 -0.539251 
183.506 -87.4734 -0.540866 
183.866 -87.6881 -0.54248 
184.226 -87.9027 -0.544095 
184.586 -88.1174 -0.545709 
184.946 -88.332 -0.547324 
185.306 -88.5466 -0.548938 
185.666 -88.7613 -0.550553 
186.026 -88.9759 -0.552167 
186.386 -89.1906 -0.553782 
186.746 -89.4052 -0.555396 
187.106 -89.6199 -0.557011 
187.466 -89.8345 -0.558625 
187.826 -90.0491 -0.56024 
188.186 -90.2638 -0.561854 
188.546 -90.4784 -0.563469 
188.906 -90.6931 -0.565084 
189.266 -90.9077 -0.566698 
189.626 -91.1224 -0.568313 
189.986 -91.337 -0.569927 
190.346 -91.5516 -0.571542 
190.706 -91.7663 -0.573156 
191.066 -91.9809 -0.574771 
191.426 -92.1956 -0.576385 
191.786 -92.4102 -0.578 
192.146 -92.6248 -0.579614 
192.506 -92.8395 -0.581229 
192.866 -93.0541 -0.582843 
193.226 -93.2688 -0.584458 
193.586 -93.4834 -0.586072 
193.946 -93.6981 -0.587687 
194.306 -93.9127 -0.589301 
194.666 -94.1273 -0.590916 
195.026 -94.342 -0.59253 
195.386 -94.5566 -0.594145 
195.746 -94.7713 -0.595759 
196.106 -94.9859 -0.597374 
196.438 -95.2419 -0.598989 
196.77 -95.498 -0.600603 
197.102 -95.754 -0.602218 
197.434 -96.01 -0.603832 
197.766 -96.266 -0.605447 
198.098 -96.522 -0.607061 
198.429 -96.7781 -0.608676 
198.761 -97.0341 -0.61029 
199.093 -97.2901 -0.611905 
199.425 -97.5461 -0.613519 
199.757 -97.8021 -0.615134 
200.089 -98.0582 -0.616748 
200.421 -98.3142 -0.618363 
200.752 -98.5702 -0.619977 
201.084 -98.8262 -0.621592 
201.416 -99.0822 -0.623206 
201.748 -99.3383 -0.624821 
202.08 -99.5943 -0.626435 
202.412 -99.8503 -0.62805 
202.744 -100.106 -0.629664 
203.075 -100.362 -0.631279 
203.407 -100.618 -0.632894 
203.739 -100.874 -0.634508 
204.071 -101.13 -0.636123 
204.403 -101.386 -0.637737 
204.735 -101.642 -0.639352 
205.067 -101.898 -0.640966 
205.398 -102.154 -0.642581 
205.73 -102.411 -0.644195 
206.062 -102.667 -0.64581 
206.394 -102.923 -0.647424 
206.726 -103.179 -0.649039 
207.058 -103.435 -0.650653 
207.389 -103.691 -0.652268 
207.721 -103.947 -0.653882 
208.053 -104.203 -0.655497 
208.385 -104.459 -0.657111 
208.717 -104.715 -0.658726 
209.049 -104.971 -0.66034 
209.381 -105.227 -0.661955 
209.712 -105.483 -0.663569 
210.044 -105.739 -0.665184 
210.376 -105.995 -0.666799 
210.708 -106.251 -0.668413 
211.04 -106.507 -0.670028 
211.372 -106.763 -0.671642 
211.704 -107.019 -0.673257 
212.035 -107.275 -0.674871 
212.367 -107.531 -0.676486 
212.699 -107.787 -0.6781 
213.031 -108.043 -0.679715 
213.363 -108.299 -0.681329 
213.695 -108.555 -0.682944 
214.027 -108.811 -0.684558 
214.358 -109.067 -0.686173 
214.69 -109.323 -0.687787 
215.022 -109.579 -0.689402 
215.354 -109.835 -0.691016 
215.686 -110.091 -0.692631 
216.018 -110.347 -0.694245 
216.35 -110.603 -0.69586 
216.681 -110.859 -0.697474 
217.013 -111.115 -0.699089 
217.345 -111.371 -0.700704 
217.677 -111.627 -0.702318 
218.009 -111.883 -0.703933 
218.341 -112.139 -0.705547 
218.673 -112.395 -0.707162 
219.004 -112.651 -0.708776 
219.336 -112.907 -0.710391 
219.668 -113.163 -0.712005 
220 -113.419 -0.71362 
220.332 -113.675 -0.715234 
220.664 -113.931 -0.716849 
220.971 -114.22 -0.717613 
221.279 -114.508 -0.718378 
221.587 -114.796 -0.719143 
221.895 -115.084 -0.719907 
222.203 -115.372 -0.720672 
222.51 -115.66 -0.721437 
222.818 -115.948 -0.722201 
223.126 -116.236 -0.722966 
223.434 -116.524 -0.723731 
223.741 -116.813 -0.724495 
224.049 -117.101 -0.72526 
224.357 -117.389 -0.726025 
224.665 -117.677 -0.726789 
224.973 -117.965 -0.727554 
225.28 -118.253 -0.728318 
225.588 -118.541 -0.729083 
225.896 -118.829 -0.729848 
226.204 -119.117 -0.730612 
226.511 -119.406 -0.731377 
226.819 -119.694 -0.732142 
227.127 -119.982 -0.732906 
227.435 -120.27 -0.733671 
227.743 -120.558 -0.734436 
228.05 -120.846 -0.7352 
228.358 -121.134 -0.735965 
228.666 -121.422 -0.73673 
228.974 -121.71 -0.737494 
229.281 -121.999 -0.738259 
229.589 -122.287 -0.739023 
229.897 -122.575 -0.739788 
230.205 -122.863 -0.740553 
230.513 -123.151 -0.741317 
230.82 -123.439 -0.742082 
231.128 -123.727 -0.742847 
231.436 -124.015 -0.743611 
231.744 -124.303 -0.744376 
232.051 -124.592 -0.745141 
232.359 -124.88 -0.745905 
232.667 -125.168 -0.74667 
232.975 -125.456 -0.747435 
233.283 -125.744 -0.748199 
233.59 -126.032 -0.748964 
233.898 -126.32 -0.749729 
234.206 -126.608 -0.750493 
234.514 -126.896 -0.751258 
234.821 -127.185 -0.752022 
235.129 -127.473 -0.752787 
235.437 -127.761 -0.753552 
235.745 -128.049 -0.754316 
236.053 -128.337 -0.755081 
236.36 -128.625 -0.755846 
236.668 -128.913 -0.75661 
236.976 -129.201 -0.757375 
237.284 -129.489 -0.75814 
237.591 -129.778 -0.758904 
237.899 -130.066 -0.759669 
238.207 -130.354 -0.760434 
238.515 -130.642 -0.761198 
238.823 -130.93 -0.761963 
239.13 -131.218 -0.762727 
239.438 -131.506 -0.763492 
239.746 -131.794 -0.764257 
240.054 -132.082 -0.765021 
240.361 -132.37 -0.765786 
240.669 -132.659 -0.766551 
240.977 -132.947 -0.767315 
241.285 -133.235 -0.76808 
241.593 -133.523 -0.768845 
241.9 -133.811 -0.769609 
242.208 -134.099 -0.770374 
242.516 -134.387 -0.771139 
242.824 -134.675 -0.771903 
243.131 -134.963 -0.772668 
243.439 -135.252 -0.773433 
243.747 -135.54 -0.774197 
244.055 -135.828 -0.774962 
244.363 -136.116 -0.775726 
244.67 -136.404 -0.776491 
244.978 -136.692 -0.777256 
245.286 -136.98 -0.77802 
245.594 -137.268 -0.778785 
245.901 -137.556 -0.77955 
246.209 -137.845 -0.780314 
246.517 -138.133 -0.781079 
246.825 -138.421 -0.781844 
247.132 -138.709 -0.782608 
247.44 -138.997 -0.783373 
247.748 -139.285 -0.784138 
248.056 -139.573 -0.784902 
248.364 -139.861 -0.785667 
248.671 -140.149 -0.786432 
248.979 -140.438 -0.787196 
249.287 -140.726 -0.787961 
249.573 -141.035 -0.788725 
249.86 -141.344 -0.78949 
250.147 -141.653 -0.790255 
250.433 -141.963 -0.791019 
250.72 -142.272 -0.791784 
251.006 -142.581 -0.792549 
251.293 -142.89 -0.793313 
251.579 -143.2 -0.794078 
251.866 -143.509 -0.794843 
252.152 -143.818 -0.795607 
252.439 -144.127 -0.796372 
252.725 -144.437 -0.797137 
253.012 -144.746 -0.797901 
253.298 -145.055 -0.798666 
253.585 -145.364 -0.79943 
253.871 -145.674 -0.800195 
254.158 -145.983 -0.80096 
254.444 -146.292 -0.801724 
254.731 -146.601 -0.802489 
255.018 -146.911 -0.803254 
255.304 -147.22 -0.804018 
255.591 -147.529 -0.804783 
255.877 -147.838 -0.805548 
256.164 -148.148 -0.806312 
256.45 -148.457 -0.807077 
256.737 -148.766 -0.807842 
257.023 -149.075 -0.808606 
257.31 -149.385 -0.809371 
257.596 -149.694 -0.810136 
257.883 -150.003 -0.8109 
258.169 -150.312 -0.811665 
258.456 -150.622 -0.812429 
258.742 -150.931 -0.813194 
259.029 -151.24 -0.813959 
259.315 -151.549 -0.814723 
259.602 -151.859 -0.815488 
259.888 -152.168 -0.816253 
260.175 -152.477 -0.817017 
260.462 -152.786 -0.817782 
260.748 -153.096 -0.818547 
261.035 -153.405 -0.819311 
261.321 -153.714 -0.820076 
261.608 -154.023 -0.820841 
261.894 -154.333 -0.821605 
262.181 -154.642 -0.82237 
262.467 -154.951 -0.823134 
262.754 -155.26 -0.823899 
263.04 -155.57 -0.824664 
263.327 -155.879 -0.825428 
263.613 -156.188 -0.826193 
263.9 -156.497 -0.826958 
264.186 -156.807 -0.827722 
264.473 -157.116 -0.828487 
264.759 -157.425 -0.829252 
265.046 -157.734 -0.830016 
265.333 -158.044 -0.830781 
265.619 -158.353 -0.831546 
265.906 -158.662 -0.83231 
266.192 -158.971 -0.833075 
266.479 -159.281 -0.83384 
266.765 -159.59 -0.834604 
267.052 -159.899 -0.835369 
267.338 -160.208 -0.836133 
267.625 -160.518 -0.836898 
267.911 -160.827 -0.837663 
268.198 -161.136 -0.838427 
268.484 -161.445 -0.839192 
268.771 -161.755 -0.839957 
269.057 -162.064 -0.840721 
269.344 -162.373 -0.841486 
269.63 -162.682 -0.842251 
269.917 -162.992 -0.843015 
270.204 -163.301 -0.84378 
270.49 -163.61 -0.844545 
270.777 -163.919 -0.845309 
271.063 -164.229 -0.846074 
271.35 -164.538 -0.846838 
271.636 -164.847 -0.847603 
271.923 -165.156 -0.848368 
272.209 -165.466 -0.849132 
272.496 -165.775 -0.849897 
272.782 -166.084 -0.850662 
273.069 -166.393 -0.851426 
273.355 -166.703 -0.852191 
273.642 -167.012 -0.852956 
273.928 -167.321 -0.85372 
274.215 -167.63 -0.854485 
274.501 -167.94 -0.85525 
274.788 -168.249 -0.856014 
275.075 -168.558 -0.856779 
275.361 -168.867 -0.857544 
275.648 -169.177 -0.858308 
275.934 -169.486 -0.859073 
276.162 -169.841 -0.866102 
276.39 -170.195 -0.873131 
276.618 -170.55 -0.880161 
276.846 -170.905 -0.88719 
277.074 -171.259 -0.89422 
277.302 -171.614 -0.901249 
277.53 -171.969 -0.908278 
277.758 -172.324 -0.915308 
277.985 -172.678 -0.922337 
278.213 -173.033 -0.929366 
278.441 -173.388 -0.936396 
278.669 -173.742 -0.943425 
278.897 -174.097 -0.950454 
279.125 -174.452 -0.957484 
279.353 -174.807 -0.964513 
279.581 -175.161 -0.971542 
279.809 -175.516 -0.978572 
280.037 -175.871 -0.985601 
280.265 -176.225 -0.99263 
280.493 -176.58 -0.99966 
280.721 -176.935 -1.00669 
280.949 -177.29 -1.01372 
281.176 -177.644 -1.02075 
281.404 -177.999 -1.02778 
281.632 -178.354 -1.03481 
281.86 -178.708 -1.04184 
282.088 -179.063 -1.04887 
282.316 -179.418 -1.05589 
282.544 -179.773 -1.06292 
282.772 -180.127 -1.06995 
283 -180.482 -1.07698 
283.228 -180.837 -1.08401 
283.456 -181.191 -1.09104 
283.684 -181.546 -1.09807 
283.912 -181.901 -1.1051 
284.139 -182.256 -1.11213 
284.367 -182.61 -1.11916 
284.595 -182.965 -1.12619 
284.823 -183.32 -1.13322 
285.051 -183.674 -1.14025 
285.172 -184.078 -1.14728 
285.292 -184.482 -1.15431 
285.413 -184.886 -1.16133 
285.533 -185.29 -1.16836 
285.654 -185.695 -1.17539 
285.775 -186.099 -1.18242 
285.895 -186.503 -1.18945 
286.016 -186.907 -1.19648 
286.136 -187.311 -1.20351 
286.257 -187.715 -1.21054 
286.377 -188.119 -1.21757 
286.498 -188.523 -1.2246 
286.618 -188.927 -1.23163 
286.739 -189.331 -1.23866 
286.859 -189.735 -1.24569 
286.98 -190.139 -1.25272 
287.101 -190.543 -1.25975 
287.221 -190.947 -1.26678 
287.342 -191.351 -1.2738 
287.462 -191.755 -1.28083 
287.583 -192.159 -1.28786 
287.703 -192.563 -1.29489 
287.824 -192.967 -1.30192 
287.944 -193.371 -1.30895 
288.065 -193.775 -1.31598 
288.186 -194.179 -1.32301 
288.306 -194.583 -1.33004 
288.427 -194.987 -1.33707 
288.547 -195.391 -1.3441 
288.668 -195.795 -1.35113 
288.788 -196.199 -1.35816 
288.909 -196.603 -1.36519 
289.029 -197.007 -1.37222 
289.15 -197.411 -1.37924 
289.27 -197.815 -1.38627 
289.391 -198.219 -1.3933 
289.512 -198.623 -1.40033 
289.632 -199.027 -1.40736 
289.753 -199.431 -1.41439 
289.873 -199.835 -1.42142 
289.877 -200.257 -1.42845 
289.881 -200.679 -1.43548 
289.884 -201.1 -1.44251 
289.888 -201.522 -1.44954 
289.892 -201.944 -1.45657 
289.895 -202.365 -1.4636 
289.899 -202.787 -1.47063 
289.903 -203.208 -1.47766 
289.907 -203.63 -1.48468 
289.91 -204.052 -1.49171 
289.914 -204.473 -1.49874 
289.918 -204.895 -1.50577 
289.921 -205.316 -1.5128 
289.925 -205.738 -1.51983 
289.929 -206.16 -1.52686 
289.933 -206.581 -1.53389 
289.936 -207.003 -1.54092 
289.94 -207.425 -1.54795 
289.944 -207.846 -1.55498 
289.947 -208.268 -1.56201 
289.951 -208.689 -1.56904 
289.955 -209.111 -1.57607 
289.958 -209.533 -1.5831 
289.962 -209.954 -1.59013 
289.966 -210.376 -1.59715 
289.97 -210.797 -1.60418 
289.973 -211.219 -1.61121 
289.977 -211.641 -1.61824 
289.981 -212.062 -1.62527 
289.984 -212.484 -1.6323 
289.988 -212.905 -1.63933 
289.992 -213.327 -1.64636 
289.996 -213.749 -1.65339 
289.999 -214.17 -1.66042 
290.003 -214.592 -1.66745 
290.007 -215.014 -1.67448 
290.01 -215.435 -1.68151 
290.014 -215.857 -1.68854 
290.018 -216.278 -1.69557 
290.021 -216.7 -1.70259 
289.908 -217.106 -1.70962 
289.795 -217.512 -1.71665 
289.681 -217.918 -1.72368 
289.568 -218.324 -1.73071 
289.454 -218.73 -1.73774 
289.341 -219.136 -1.74477 
289.227 -219.543 -1.7518 
289.114 -219.949 -1.75883 
289.001 -220.355 -1.76586 
288.887 -220.761 -1.77289 
288.774 -221.167 -1.77992 
288.66 -221.573 -1.78695 
288.547 -221.979 -1.79398 
288.433 -222.385 -1.80101 
288.32 -222.791 -1.80803 
288.207 -223.197 -1.81506 
288.093 -223.603 -1.82209 
287.98 -224.01 -1.82912 
287.866 -224.416 -1.83615 
287.753 -224.822 -1.84318 
287.639 -225.228 -1.85021 
287.526 -225.634 -1.85724 
287.413 -226.04 -1.86427 
287.299 -226.446 -1.8713 
287.186 -226.852 -1.87833 
287.072 -227.258 -1.88536 
286.959 -227.664 -1.89239 
286.845 -228.07 -1.89942 
286.732 -228.476 -1.90645 
286.619 -228.883 -1.91348 
286.505 -229.289 -1.9205 
286.392 -229.695 -1.92753 
286.278 -230.101 -1.93456 
286.165 -230.507 -1.94159 
286.051 -230.913 -1.94862 
285.938 -231.319 -1.95565 
285.825 -231.725 -1.96268 
285.711 -232.131 -1.96971 
285.598 -232.537 -1.97674 
285.484 -232.943 -1.98377 
285.263 -233.302 -1.9908 
285.041 -233.661 -1.99783 
284.819 -234.019 -2.00486 
284.598 -234.378 -2.01189 
284.376 -234.737 -2.01892 
284.154 -235.095 -2.02594 
283.933 -235.454 -2.03297 
283.711 -235.813 -2.04 
283.489 -236.171 -2.04703 
283.268 -236.53 -2.05406 
283.046 -236.889 -2.06109 
282.824 -237.247 -2.06812 
282.603 -237.606 -2.07515 
282.381 -237.965 -2.08218 
282.159 -238.323 -2.08921 
281.938 -238.682 -2.09624 
281.716 -239.041 -2.10327 
281.494 -239.399 -2.1103 
281.273 -239.758 -2.11733 
281.051 -240.117 -2.12436 
280.829 -240.475 -2.13138 
280.608 -240.834 -2.13841 
280.386 -241.193 -2.14544 
280.164 -241.551 -2.15247 
279.943 -241.91 -2.1595 
279.721 -242.269 -2.16653 
279.499 -242.627 -2.17356 
279.278 -242.986 -2.18059 
279.056 -243.345 -2.18762 
278.834 -243.703 -2.19465 
278.613 -244.062 -2.20168 
278.391 -244.421 -2.20871 
278.17 -244.779 -2.21574 
277.948 -245.138 -2.22277 
277.726 -245.497 -2.2298 
277.505 -245.855 -2.23683 
277.283 -246.214 -2.24385 
277.061 -246.573 -2.25088 
276.84 -246.931 -2.25791 
276.618 -247.29 -2.26494 
276.359 -247.62 -2.26421 
276.101 -247.95 -2.26348 
275.842 -248.28 -2.26276 
275.583 -248.61 -2.26203 
275.324 -248.939 -2.2613 
275.066 -249.269 -2.26057 
274.807 -249.599 -2.25984 
274.548 -249.929 -2.25911 
274.29 -250.259 -2.25838 
274.031 -250.589 -2.25765 
273.772 -250.919 -2.25692 
273.514 -251.249 -2.25619 
273.255 -251.579 -2.25547 
272.996 -251.909 -2.25474 
272.737 -252.239 -2.25401 
272.479 -252.569 -2.25328 
272.22 -252.898 -2.25255 
271.961 -253.228 -2.25182 
271.703 -253.558 -2.25109 
271.444 -253.888 -2.25036 
271.185 -254.218 -2.24963 
270.927 -254.548 -2.24891 
270.668 -254.878 -2.24818 
270.409 -255.208 -2.24745 
270.15 -255.538 -2.24672 
269.892 -255.868 -2.24599 
269.633 -256.198 -2.24526 
269.374 -256.528 -2.24453 
269.116 -256.857 -2.2438 
268.857 -257.187 -2.24307 
268.598 -257.517 -2.24234 
268.34 -257.847 -2.24162 
268.081 -258.177 -2.24089 
267.822 -258.507 -2.24016 
267.564 -258.837 -2.23943 
267.305 -259.167 -2.2387 
267.046 -259.497 -2.23797 
266.787 -259.827 -2.23724 
266.529 -260.157 -2.23651 
266.27 -260.487 -2.23578 
266.011 -260.816 -2.23505 
265.753 -261.146 -2.23433 
265.494 -261.476 -2.2336 
265.235 -261.806 -2.23287 
264.977 -262.136 -2.23214 
264.718 -262.466 -2.23141 
264.459 -262.796 -2.23068 
264.2 -263.126 -2.22995 
263.942 -263.456 -2.22922 
263.683 -263.786 -2.22849 
263.424 -264.116 -2.22777 
263.166 -264.446 -2.22704 
262.907 -264.775 -2.22631 
262.648 -265.105 -2.22558 
262.39 -265.435 -2.22485 
262.131 -265.765 -2.22412 
261.872 -266.095 -2.22339 
261.613 -266.425 -2.22266 
261.355 -266.755 -2.22193 
261.096 -267.085 -2.2212 
260.837 -267.415 -2.22048 
260.579 -267.745 -2.21975 
260.32 -268.075 -2.21902 
260.061 -268.405 -2.21829 
259.803 -268.734 -2.21756 
259.544 -269.064 -2.21683 
259.285 -269.394 -2.2161 
259.026 -269.724 -2.21537 
258.768 -270.054 -2.21464 
258.509 -270.384 -2.21391 
258.25 -270.714 -2.21319 
257.992 -271.044 -2.21246 
257.733 -271.374 -2.21173 
257.474 -271.704 -2.211 
257.216 -272.034 -2.21027 
256.957 -272.364 -2.20954 
256.698 -272.693 -2.20881 
256.44 -273.023 -2.20808 
256.181 -273.353 -2.20735 
255.922 -273.683 -2.20663 
255.68 -274.032 -2.20589 
255.438 -274.381 -2.20515 
255.196 -274.73 -2.20441 
254.954 -275.078 -2.20367 
254.712 -275.427 -2.20293 
254.47 -275.776 -2.2022 
254.228 -276.125 -2.20146 
253.986 -276.474 -2.20072 
253.744 -276.822 -2.19998 
253.502 -277.171 -2.19924 
253.26 -277.52 -2.1985 
253.017 -277.869 -2.19777 
252.775 -278.218 -2.19703 
252.533 -278.566 -2.19629 
252.291 -278.915 -2.19555 
252.049 -279.264 -2.19481 
251.807 -279.613 -2.19408 
251.565 -279.962 -2.19334 
251.323 -280.31 -2.1926 
251.081 -280.659 -2.19186 
250.839 -281.008 -2.19112 
250.597 -281.357 -2.19038 
250.355 -281.705 -2.18965 
250.113 -282.054 -2.18891 
249.871 -282.403 -2.18817 
249.629 -282.752 -2.18743 
249.387 -283.101 -2.18669 
249.145 -283.449 -2.18596 
248.903 -283.798 -2.18522 
248.661 -284.147 -2.18448 
248.418 -284.496 -2.18374 
248.176 -284.845 -2.183 
247.934 -285.193 -2.18226 
247.692 -285.542 -2.18153 
247.45 -285.891 -2.18079 
247.208 -286.24 -2.18005 
246.966 -286.589 -2.17931 
246.724 -286.937 -2.17857 
246.482 -287.286 -2.17784 
246.24 -287.635 -2.1771 
245.998 -287.984 -2.17636 
245.756 -288.333 -2.17562 
245.514 -288.681 -2.17488 
245.272 -289.03 -2.17414 
245.03 -289.379 -2.17341 
244.788 -289.728 -2.17267 
244.546 -290.077 -2.17193 
244.304 -290.425 -2.17119 
244.061 -290.774 -2.17045 
243.819 -291.123 -2.16972 
243.577 -291.472 -2.16898 
243.335 -291.821 -2.16824 
243.093 -292.169 -2.1675 
242.851 -292.518 -2.16676 
242.609 -292.867 -2.16602 
242.367 -293.216 -2.16529 
242.125 -293.564 -2.16455 
241.883 -293.913 -2.16381 
241.641 -294.262 -2.16307 
241.399 -294.611 -2.16233 
241.157 -294.96 -2.1616 
240.915 -295.308 -2.16086 
240.673 -295.657 -2.16012 
240.431 -296.006 -2.15938 
240.189 -296.355 -2.15864 
239.947 -296.704 -2.1579 
239.705 -297.052 -2.15717 
239.462 -297.401 -2.15643 
239.22 -297.75 -2.15569 
238.978 -298.099 -2.15495 
238.736 -298.448 -2.15421 
238.494 -298.796 -2.15348 
238.252 -299.145 -2.15274 
238.01 -299.494 -2.152 
237.768 -299.843 -2.15126 
237.526 -300.192 -2.15052 
237.284 -300.54 -2.14978 
237.042 -300.889 -2.14905 
236.8 -301.238 -2.14831 
236.581 -301.596 -2.14758 
236.363 -301.954 -2.14685 
236.144 -302.311 -2.14612 
235.926 -302.669 -2.14539 
235.707 -303.027 -2.14466 
235.489 -303.385 -2.14393 
235.27 -303.742 -2.1432 
235.051 -304.1 -2.14248 
234.833 -304.458 -2.14175 
234.614 -304.816 -2.14102 
234.396 -305.174 -2.14029 
234.177 -305.531 -2.13956 
233.959 -305.889 -2.13883 
233.74 -306.247 -2.1381 
233.522 -306.605 -2.13737 
233.303 -306.962 -2.13664 
233.085 -307.32 -2.13592 
232.866 -307.678 -2.13519 
232.647 -308.036 -2.13446 
232.429 -308.394 -2.13373 
232.21 -308.751 -2.133 
231.992 -309.109 -2.13227 
231.773 -309.467 -2.13154 
231.555 -309.825 -2.13081 
231.336 -310.182 -2.13008 
231.118 -310.54 -2.12935 
230.899 -310.898 -2.12863 
230.681 -311.256 -2.1279 
230.462 -311.614 -2.12717 
230.243 -311.971 -2.12644 
230.025 -312.329 -2.12571 
229.806 -312.687 -2.12498 
229.588 -313.045 -2.12425 
229.369 -313.403 -2.12352 
229.151 -313.76 -2.12279 
228.932 -314.118 -2.12206 
228.714 -314.476 -2.12134 
228.495 -314.834 -2.12061 
228.277 -315.191 -2.11988 
228.058 -315.549 -2.11915 
227.839 -315.907 -2.11842 
227.621 -316.265 -2.11769 
227.402 -316.623 -2.11696 
227.184 -316.98 -2.11623 
226.965 -317.338 -2.1155 
226.747 -317.696 -2.11478 
226.528 -318.054 -2.11405 
226.31 -318.411 -2.11332 
226.091 -318.769 -2.11259 
225.873 -319.127 -2.11186 
225.654 -319.485 -2.11113 
225.435 -319.843 -2.1104 
225.217 -320.2 -2.10967 
224.998 -320.558 -2.10894 
224.78 -320.916 -2.10821 
224.561 -321.274 -2.10749 
224.343 -321.631 -2.10676 
224.124 -321.989 -2.10603 
223.906 -322.347 -2.1053 
223.687 -322.705 -2.10457 
223.469 -323.063 -2.10384 
223.25 -323.42 -2.10311 
223.031 -323.778 -2.10238 
222.813 -324.136 -2.10165 
222.594 -324.494 -2.10092 
222.376 -324.851 -2.1002 
222.157 -325.209 -2.09947 
221.939 -325.567 -2.09874 
221.72 -325.925 -2.09801 
221.502 -326.283 -2.09728 
221.283 -326.64 -2.09655 
221.064 -326.998 -2.09582 
220.846 -327.356 -2.09509 
220.627 -327.714 -2.09436 
220.409 -328.071 -2.09364 
220.19 -328.429 -2.09291 
219.972 -328.787 -2.09218 
219.753 -329.145 -2.09145 
219.535 -329.503 -2.09072 
219.316 -329.86 -2.08999 
219.116 -330.235 -2.08925 
218.916 -330.61 -2.08851 
218.717 -330.984 -2.08778 
218.517 -331.359 -2.08704 
218.317 -331.733 -2.0863 
218.117 -332.108 -2.08556 
217.917 -332.483 -2.08482 
217.718 -332.857 -2.08408 
217.518 -333.232 -2.08335 
217.318 -333.606 -2.08261 
217.118 -333.981 -2.08187 
216.918 -334.356 -2.08113 
216.718 -334.73 -2.08039 
216.519 -335.105 -2.07966 
216.319 -335.479 -2.07892 
216.119 -335.854 -2.07818 
215.919 -336.228 -2.07744 
215.719 -336.603 -2.0767 
215.52 -336.978 -2.07596 
215.32 -337.352 -2.07523 
215.12 -337.727 -2.07449 
214.92 -338.101 -2.07375 
214.72 -338.476 -2.07301 
214.52 -338.851 -2.07227 
214.321 -339.225 -2.07154 
214.121 -339.6 -2.0708 
213.921 -339.974 -2.07006 
213.721 -340.349 -2.06932 
213.521 -340.724 -2.06858 
213.322 -341.098 -2.06784 
213.122 -341.473 -2.06711 
212.922 -341.847 -2.06637 
212.722 -342.222 -2.06563 
212.522 -342.597 -2.06489 
212.322 -342.971 -2.06415 
212.123 -343.346 -2.06342 
211.923 -343.72 -2.06268 
211.723 -344.095 -2.06194 
211.523 -344.469 -2.0612 
211.323 -344.844 -2.06046 
211.123 -345.219 -2.05972 
210.924 -345.593 -2.05899 
210.724 -345.968 -2.05825 
210.524 -346.342 -2.05751 
210.324 -346.717 -2.05677 
210.124 -347.092 -2.05603 
209.925 -347.466 -2.05529 
209.725 -347.841 -2.05456 
209.525 -348.215 -2.05382 
209.325 -348.59 -2.05308 
209.125 -348.965 -2.05234 
208.925 -349.339 -2.0516 
208.726 -349.714 -2.05087 
208.526 -350.088 -2.05013 
208.326 -350.463 -2.04939 
208.126 -350.838 -2.04865 
207.926 -351.212 -2.04791 
207.727 -351.587 -2.04717 
207.527 -351.961 -2.04644 
207.327 -352.336 -2.0457 
207.127 -352.711 -2.04496 
206.927 -353.085 -2.04422 
206.727 -353.46 -2.04348 
206.528 -353.834 -2.04275 
206.328 -354.209 -2.04201 
206.128 -354.583 -2.04127 
205.928 -354.958 -2.04053 
205.728 -355.333 -2.03979 
205.529 -355.707 -2.03905 
205.329 -356.082 -2.03832 
205.129 -356.456 -2.03758 
204.929 -356.831 -2.03684 
204.729 -357.206 -2.0361 
204.529 -357.58 -2.03536 
204.33 -357.955 -2.03463 
204.13 -358.329 -2.03389 
203.93 -358.704 -2.03315 
203.73 -359.079 -2.03241 
203.53 -359.453 -2.03167 
203.34 -359.828 -2.03183 
203.15 -360.204 -2.03199 
202.959 -360.579 -2.03214 
202.769 -360.954 -2.0323 
202.579 -361.33 -2.03246 
202.388 -361.705 -2.03261 
202.198 -362.08 -2.03277 
202.007 -362.456 -2.03293 
201.817 -362.831 -2.03308 
201.627 -363.206 -2.03324 
201.436 -363.581 -2.0334 
201.246 -363.957 -2.03355 
201.056 -364.332 -2.03371 
200.865 -364.707 -2.03387 
200.675 -365.083 -2.03402 
200.484 -365.458 -2.03418 
200.294 -365.833 -2.03434 
200.104 -366.209 -2.03449 
199.913 -366.584 -2.03465 
199.723 -366.959 -2.03481 
199.533 -367.334 -2.03496 
199.342 -367.71 -2.03512 
199.152 -368.085 -2.03528 
198.962 -368.46 -2.03544 
198.771 -368.836 -2.03559 
198.581 -369.211 -2.03575 
198.39 -369.586 -2.03591 
198.2 -369.962 -2.03606 
198.01 -370.337 -2.03622 
197.819 -370.712 -2.03638 
197.629 -371.087 -2.03653 
197.439 -371.463 -2.03669 
197.248 -371.838 -2.03685 
197.058 -372.213 -2.037 
196.868 -372.589 -2.03716 
196.677 -372.964 -2.03732 
196.487 -373.339 -2.03747 
196.296 -373.715 -2.03763 
196.106 -374.09 -2.03779 
195.916 -374.465 -2.03794 
195.725 -374.84 -2.0381 
195.535 -375.216 -2.03826 
195.345 -375.591 -2.03841 
195.154 -375.966 -2.03857 
194.964 -376.342 -2.03873 
194.774 -376.717 -2.03888 
194.583 -377.092 -2.03904 
194.393 -377.468 -2.0392 
194.202 -377.843 -2.03935 
194.012 -378.218 -2.03951 
193.822 -378.593 -2.03967 
193.631 -378.969 -2.03982 
193.441 -379.344 -2.03998 
193.251 -379.719 -2.04014 
193.06 -380.095 -2.0403 
192.87 -380.47 -2.04045 
192.679 -380.845 -2.04061 
192.489 -381.221 -2.04077 
192.299 -381.596 -2.04092 
192.108 -381.971 -2.04108 
191.918 -382.346 -2.04124 
191.728 -382.722 -2.04139 
191.537 -383.097 -2.04155 
191.347 -383.472 -2.04171 
191.157 -383.848 -2.04186 
190.966 -384.223 -2.04202 
190.776 -384.598 -2.04218 
190.585 -384.974 -2.04233 
190.395 -385.349 -2.04249 
190.205 -385.724 -2.04265 
190.014 -386.099 -2.0428 
189.824 -386.475 -2.04296 
189.634 -386.85 -2.04312 
189.443 -387.225 -2.04327 
189.253 -387.601 -2.04343 
189.063 -387.976 -2.04359 
188.872 -388.351 -2.04374 
188.682 -388.727 -2.0439 
188.491 -389.102 -2.04406 
188.301 -389.477 -2.04421 
188.111 -389.852 -2.04437 
187.92 -390.228 -2.04453 
187.73 -390.603 -2.04468 
187.54 -390.978 -2.04484 
187.349 -391.354 -2.045 
187.159 -391.729 -2.04516 
186.969 -392.104 -2.04531 
186.778 -392.48 -2.04547 
186.588 -392.855 -2.04563 
186.397 -393.23 -2.04578 
186.207 -393.605 -2.04594 
186.017 -393.981 -2.0461 
185.826 -394.356 -2.04625 
185.636 -394.731 -2.04641 
185.446 -395.107 -2.04657 
185.255 -395.482 -2.04672 
185.065 -395.857 -2.04688 
184.875 -396.233 -2.04704 
184.684 -396.608 -2.04719 
184.494 -396.983 -2.04735 
184.303 -397.358 -2.04751 
184.113 -397.734 -2.04766 
183.923 -398.109 -2.04782 
183.732 -398.484 -2.04798 
183.542 -398.86 -2.04813 
183.352 -399.235 -2.04829 
183.161 -399.61 -2.04845 
182.971 -399.986 -2.0486 
182.78 -400.361 -2.04876 
183.008 -400.008 -2.05115 
183.236 -399.656 -2.05354 
183.464 -399.303 -2.05593 
183.692 -398.95 -2.05832 
183.919 -398.598 -2.06071 
184.147 -398.245 -2.0631 
184.375 -397.892 -2.06549 
184.603 -397.54 -2.06788 
184.831 -397.187 -2.07027 
185.058 -396.835 -2.07266 
185.286 -396.482 -2.07505 
185.514 -396.129 -2.07744 
185.742 -395.777 -2.07983 
185.97 -395.424 -2.08221 
186.197 -395.071 -2.0846 
186.425 -394.719 -2.08699 
186.653 -394.366 -2.08938 
186.881 -394.014 -2.09177 
187.108 -393.661 -2.09416 
187.336 -393.308 -2.09655 
187.564 -392.956 -2.09894 
187.792 -392.603 -2.10133 
188.02 -392.25 -2.10372 
188.247 -391.898 -2.10611 
188.475 -391.545 -2.1085 
188.703 -391.193 -2.11089 
188.931 -390.84 -2.11328 
189.159 -390.487 -2.11567 
189.386 -390.135 -2.11806 
189.614 -389.782 -2.12045 
189.842 -389.429 -2.12284 
190.07 -389.077 -2.12523 
190.298 -388.724 -2.12762 
190.525 -388.372 -2.13001 
190.753 -388.019 -2.13239 
190.981 -387.666 -2.13478 
191.209 -387.314 -2.13717 
191.436 -386.961 -2.13956 
191.664 -386.608 -2.14195 
191.892 -386.256 -2.14434 
192.12 -385.903 -2.14673 
192.348 -385.551 -2.14912 
192.575 -385.198 -2.15151 
192.803 -384.845 -2.1539 
193.031 -384.493 -2.15629 
193.259 -384.14 -2.15868 
193.487 -383.787 -2.16107 
193.714 -383.435 -2.16346 
193.942 -383.082 -2.16585 
194.17 -382.73 -2.16824 
194.398 -382.377 -2.17063 
194.626 -382.024 -2.17302 
194.853 -381.672 -2.17541 
195.081 -381.319 -2.1778 
195.309 -380.966 -2.18019 
195.537 -380.614 -2.18258 
195.764 -380.261 -2.18496 
195.992 -379.909 -2.18735 
196.22 -379.556 -2.18974 
196.448 -379.203 -2.19213 
196.676 -378.851 -2.19452 
196.903 -378.498 -2.19691 
197.131 -378.145 -2.1993 
197.359 -377.793 -2.20169 
197.587 -377.44 -2.20408 
197.815 -377.088 -2.20647 
198.042 -376.735 -2.20886 
198.27 -376.382 -2.21125 
198.498 -376.03 -2.21364 
198.726 -375.677 -2.21603 
198.954 -375.324 -2.21842 
199.181 -374.972 -2.22081 
199.409 -374.619 -2.2232 
199.637 -374.267 -2.22559 
199.865 -373.914 -2.22798 
200.092 -373.561 -2.23037 
200.32 -373.209 -2.23276 
200.548 -372.856 -2.23514 
200.776 -372.503 -2.23753 
201.004 -372.151 -2.23992 
201.294 -371.848 -2.24231 
201.585 -371.545 -2.2447 
201.876 -371.242 -2.24709 
202.166 -370.939 -2.24948 
202.457 -370.636 -2.25187 
202.747 -370.333 -2.25426 
203.038 -370.03 -2.25665 
203.329 -369.727 -2.25904 
203.619 -369.425 -2.26143 
203.91 -369.122 -2.26382 
204.201 -368.819 -2.26621 
204.491 -368.516 -2.2686 
204.782 -368.213 -2.27099 
205.073 -367.91 -2.27338 
205.363 -367.607 -2.27577 
205.654 -367.304 -2.27816 
205.945 -367.001 -2.28055 
206.235 -366.698 -2.28294 
206.526 -366.395 -2.28533 
206.816 -366.092 -2.28771 
207.107 -365.789 -2.2901 
207.398 -365.487 -2.29249 
207.688 -365.184 -2.29488 
207.979 -364.881 -2.29727 
208.27 -364.578 -2.29966 
208.56 -364.275 -2.30205 
208.851 -363.972 -2.30444 
209.142 -363.669 -2.30683 
209.432 -363.366 -2.30922 
209.723 -363.063 -2.31161 
210.013 -362.76 -2.314 
210.304 -362.457 -2.31639 
210.595 -362.154 -2.31878 
210.885 -361.851 -2.32117 
211.176 -361.549 -2.32356 
211.467 -361.246 -2.32595 
211.757 -360.943 -2.32834 
212.048 -360.64 -2.33073 
212.339 -360.337 -2.33312 
212.629 -360.034 -2.33551 
212.92 -359.731 -2.33789 
213.211 -359.428 -2.34028 
213.501 -359.125 -2.34267 
213.792 -358.822 -2.34506 
214.082 -358.519 -2.34745 
214.373 -358.216 -2.34984 
214.664 -357.914 -2.35223 
214.954 -357.611 -2.35462 
215.245 -357.308 -2.35701 
215.536 -357.005 -2.3594 
215.826 -356.702 -2.36179 
216.117 -356.399 -2.36418 
216.408 -356.096 -2.36657 
216.698 -355.793 -2.36896 
216.989 -355.49 -2.37135 
217.279 -355.187 -2.37374 
217.57 -354.884 -2.37613 
217.861 -354.581 -2.37852 
218.151 -354.278 -2.38091 
218.442 -353.976 -2.3833 
218.733 -353.673 -2.38569 
219.023 -353.37 -2.38808 
219.314 -353.067 -2.39046 
219.605 -352.764 -2.39285 
219.895 -352.461 -2.39524 
220.186 -352.158 -2.39763 
220.476 -351.855 -2.40002 
220.767 -351.552 -2.40241 
221.058 -351.249 -2.4048 
221.348 -350.946 -2.40719 
221.639 -350.643 -2.40958 
221.93 -350.34 -2.41197 
222.22 -350.038 -2.41436 
222.511 -349.735 -2.41675 
222.802 -349.432 -2.41914 
223.092 -349.129 -2.42153 
223.383 -348.826 -2.42392 
223.674 -348.523 -2.42631 
223.964 -348.22 -2.4287 
224.255 -347.917 -2.43109 
224.598 -347.675 -2.43348 
224.941 -347.433 -2.43587 
225.283 -347.191 -2.43826 
225.626 -346.948 -2.44064 
225.969 -346.706 -2.44303 
226.312 -346.464 -2.44542 
226.655 -346.222 -2.44781 
226.998 -345.98 -2.4502 
227.341 -345.737 -2.45259 
227.684 -345.495 -2.45498 
228.027 -345.253 -2.45737 
228.37 -345.011 -2.45976 
228.712 -344.769 -2.46215 
229.055 -344.527 -2.46454 
229.398 -344.284 -2.46693 
229.741 -344.042 -2.46932 
230.084 -343.8 -2.47171 
230.427 -343.558 -2.4741 
230.77 -343.316 -2.47649 
231.113 -343.073 -2.47888 
231.456 -342.831 -2.48127 
231.799 -342.589 -2.48366 
232.142 -342.347 -2.48605 
232.484 -342.105 -2.48844 
232.827 -341.863 -2.49083 
233.17 -341.62 -2.49321 
233.513 -341.378 -2.4956 
233.856 -341.136 -2.49799 
234.199 -340.894 -2.50038 
234.542 -340.652 -2.50277 
234.885 -340.409 -2.50516 
235.228 -340.167 -2.50755 
235.571 -339.925 -2.50994 
235.913 -339.683 -2.51233 
236.256 -339.441 -2.51472 
236.599 -339.199 -2.51711 
236.942 -338.956 -2.5195 
237.285 -338.714 -2.52189 
237.628 -338.472 -2.52428 
237.971 -338.23 -2.52667 
238.314 -337.988 -2.52906 
238.657 -337.745 -2.53145 
239 -337.503 -2.53384 
239.342 -337.261 -2.53623 
239.685 -337.019 -2.53862 
240.028 -336.777 -2.54101 
240.371 -336.535 -2.54339 
240.714 -336.292 -2.54578 
241.057 -336.05 -2.54817 
241.4 -335.808 -2.55056 
241.743 -335.566 -2.55295 
242.086 -335.324 -2.55534 
242.429 -335.081 -2.55773 
242.771 -334.839 -2.56012 
243.114 -334.597 -2.56251 
243.457 -334.355 -2.5649 
243.8 -334.113 -2.56729 
244.143 -333.871 -2.56968 
244.486 -333.628 -2.57207 
244.829 -333.386 -2.57446 
245.172 -333.144 -2.57685 
245.515 -332.902 -2.57924 
245.858 -332.66 -2.58163 
246.2 -332.417 -2.58402 
246.543 -332.175 -2.58641 
246.886 -331.933 -2.5888 
247.229 -331.691 -2.59119 
247.572 -331.449 -2.59358 
247.915 -331.207 -2.59596 
248.258 -330.964 -2.59835 
248.601 -330.722 -2.60074 
248.944 -330.48 -2.60313 
249.287 -330.238 -2.60552 
249.629 -329.996 -2.60791 
249.972 -329.753 -2.6103 
250.315 -329.511 -2.61269 
250.658 -329.269 -2.61508 
251.001 -329.027 -2.61747 
251.344 -328.785 -2.61986 
251.687 -328.543 -2.62225 
252.069 -328.37 -2.62464 
252.452 -328.197 -2.62703 
252.835 -328.025 -2.62942 
253.217 -327.852 -2.63181 
253.6 -327.679 -2.6342 
253.983 -327.507 -2.63659 
254.365 -327.334 -2.63898 
254.748 -327.162 -2.64137 
255.131 -326.989 -2.64376 
255.513 -326.816 -2.64615 
255.896 -326.644 -2.64853 
256.279 -326.471 -2.65092 
256.662 -326.299 -2.65331 
257.044 -326.126 -2.6557 
257.427 -325.953 -2.65809 
257.81 -325.781 -2.66048 
258.192 -325.608 -2.66287 
258.575 -325.435 -2.66526 
258.958 -325.263 -2.66765 
259.34 -325.09 -2.67004 
259.723 -324.918 -2.67243 
260.106 -324.745 -2.67482 
260.488 -324.572 -2.67721 
260.871 -324.4 -2.6796 
261.254 -324.227 -2.68199 
261.636 -324.054 -2.68438 
262.019 -323.882 -2.68677 
262.402 -323.709 -2.68916 
262.784 -323.537 -2.69155 
263.167 -323.364 -2.69394 
263.55 -323.191 -2.69633 
263.932 -323.019 -2.69871 
264.315 -322.846 -2.7011 
264.698 -322.674 -2.70349 
265.08 -322.501 -2.70588 
265.463 -322.328 -2.70827 
265.846 -322.156 -2.71066 
266.228 -321.983 -2.71305 
266.611 -321.81 -2.71544 
266.994 -321.638 -2.71783 
267.376 -321.465 -2.72022 
267.759 -321.293 -2.72261 
268.142 -321.12 -2.725 
268.524 -320.947 -2.72739 
268.907 -320.775 -2.72978 
269.29 -320.602 -2.73217 
269.672 -320.43 -2.73456 
270.055 -320.257 -2.73695 
270.438 -320.084 -2.73934 
270.82 -319.912 -2.74173 
271.203 -319.739 -2.74412 
271.586 -319.566 -2.74651 
271.968 -319.394 -2.7489 
272.351 -319.221 -2.75128 
272.734 -319.049 -2.75367 
273.116 -318.876 -2.75606 
273.499 -318.703 -2.75845 
273.882 -318.531 -2.76084 
274.264 -318.358 -2.76323 
274.647 -318.185 -2.76562 
275.03 -318.013 -2.76801 
275.412 -317.84 -2.7704 
275.795 -317.668 -2.77279 
276.178 -317.495 -2.77518 
276.56 -317.322 -2.77757 
276.943 -317.15 -2.77996 
277.326 -316.977 -2.78235 
277.708 -316.805 -2.78474 
278.091 -316.632 -2.78713 
278.474 -316.459 -2.78952 
278.856 -316.287 -2.79191 
279.239 -316.114 -2.7943 
279.622 -315.941 -2.79669 
280.004 -315.769 -2.79908 
280.387 -315.596 -2.80146 
280.77 -315.424 -2.80385 
281.152 -315.251 -2.80624 
281.535 -315.078 -2.80863 
281.918 -314.906 -2.81102 
282.3 -314.733 -2.81341 
282.709 -314.636 -2.8158 
283.117 -314.54 -2.81819 
283.526 -314.443 -2.82058 
283.934 -314.346 -2.82297 
284.343 -314.249 -2.82536 
284.751 -314.152 -2.82775 
285.16 -314.056 -2.83014 
285.568 -313.959 -2.83253 
285.977 -313.862 -2.83492 
286.385 -313.765 -2.83731 
286.794 -313.669 -2.8397 
287.202 -313.572 -2.84209 
287.611 -313.475 -2.84448 
288.019 -313.378 -2.84687 
288.428 -313.282 -2.84926 
288.836 -313.185 -2.85165 
289.245 -313.088 -2.85403 
289.653 -312.991 -2.85642 
290.062 -312.895 -2.85881 
290.47 -312.798 -2.8612 
290.879 -312.701 -2.86359 
291.287 -312.604 -2.86598 
291.696 -312.507 -2.86837 
292.104 -312.411 -2.87076 
292.513 -312.314 -2.87315 
292.921 -312.217 -2.87554 
293.33 -312.12 -2.87793 
293.738 -312.024 -2.88032 
294.147 -311.927 -2.88271 
294.555 -311.83 -2.8851 
294.964 -311.733 -2.88749 
295.372 -311.637 -2.88988 
295.781 -311.54 -2.89227 
296.189 -311.443 -2.89466 
296.598 -311.346 -2.89705 
297.006 -311.249 -2.89944 
297.415 -311.153 -2.90183 
297.823 -311.056 -2.90421 
298.232 -310.959 -2.9066 
298.64 -310.862 -2.90899 
299.049 -310.766 -2.91138 
299.457 -310.669 -2.91377 
299.866 -310.572 -2.91616 
300.274 -310.475 -2.91855 
300.683 -310.379 -2.92094 
301.091 -310.282 -2.92333 
301.5 -310.185 -2.92572 
301.908 -310.088 -2.92811 
302.317 -309.992 -2.9305 
302.725 -309.895 -2.93289 
303.134 -309.798 -2.93528 
303.542 -309.701 -2.93767 
303.951 -309.604 -2.94006 
304.359 -309.508 -2.94245 
304.768 -309.411 -2.94484 
305.176 -309.314 -2.94723 
305.585 -309.217 -2.94962 
305.993 -309.121 -2.95201 
306.402 -309.024 -2.9544 
306.81 -308.927 -2.95678 
307.219 -308.83 -2.95917 
307.627 -308.734 -2.96156 
308.036 -308.637 -2.96395 
308.444 -308.54 -2.96634 
308.853 -308.443 -2.96873 
309.261 -308.346 -2.97112 
309.67 -308.25 -2.97351 
310.078 -308.153 -2.9759 
310.486 -308.056 -2.97829 
310.895 -307.959 -2.98068 
311.303 -307.863 -2.98307 
311.712 -307.766 -2.98546 
312.12 -307.669 -2.98785 
312.529 -307.572 -2.99024 
312.937 -307.476 -2.99263 
313.346 -307.379 -2.99502 
313.754 -307.282 -2.99741 
314.163 -307.185 -2.9998 
314.571 -307.088 -3.00219 
314.98 -306.992 -3.00458 
315.399 -306.974 -3.00696 
315.819 -306.957 -3.00935 
316.238 -306.94 -3.01174 
316.658 -306.922 -3.01413 
317.077 -306.905 -3.01652 
317.497 -306.887 -3.01891 
317.916 -306.87 -3.0213 
318.335 -306.853 -3.02369 
318.755 -306.835 -3.02608 
319.174 -306.818 -3.02847 
319.594 -306.8 -3.03086 
320.013 -306.783 -3.03325 
320.433 -306.766 -3.03564 
320.852 -306.748 -3.03803 
321.272 -306.731 -3.04042 
321.691 -306.713 -3.04281 
322.11 -306.696 -3.0452 
322.53 -306.679 -3.04759 
322.949 -306.661 -3.04998 
323.369 -306.644 -3.05237 
323.788 -306.627 -3.05476 
324.208 -306.609 -3.05715 
324.627 -306.592 -3.05953 
325.047 -306.574 -3.06192 
325.466 -306.557 -3.06431 
325.885 -306.54 -3.0667 
326.305 -306.522 -3.06909 
326.724 -306.505 -3.07148 
327.144 -306.487 -3.07387 
327.563 -306.47 -3.07626 
327.983 -306.453 -3.07865 
328.402 -306.435 -3.08104 
328.821 -306.418 -3.08343 
329.241 -306.4 -3.08582 
329.66 -306.383 -3.08821 
330.08 -306.366 -3.0906 
330.499 -306.348 -3.09299 
330.919 -306.331 -3.09538 
331.338 -306.314 -3.09777 
331.758 -306.296 -3.10016 
332.177 -306.279 -3.10255 
332.596 -306.261 -3.10494 
333.016 -306.244 -3.10733 
333.435 -306.227 -3.10971 
333.855 -306.209 -3.1121 
334.274 -306.192 -3.11449 
334.694 -306.174 -3.11688 
335.113 -306.157 -3.11927 
335.533 -306.14 -3.12166 
335.952 -306.122 -3.12405 
336.371 -306.105 -3.12644 
336.791 -306.087 -3.12883 
337.21 -306.07 -3.13122 
337.63 -306.053 -3.13361 
338.049 -306.035 -3.136 
338.469 -306.018 -3.13839 
338.888 -306.001 -3.14078 
339.307 -305.983 3.14002 
339.727 -305.966 3.13763 
340.146 -305.948 3.13524 
340.566 -305.931 3.13285 
340.985 -305.914 3.13046 
341.405 -305.896 3.12807 
341.824 -305.879 3.12568 
342.244 -305.861 3.12329 
342.663 -305.844 3.1209 
343.082 -305.827 3.11851 
343.502 -305.809 3.11612 
343.921 -305.792 3.11373 
344.341 -305.774 3.11134 
344.76 -305.757 3.10895 
345.18 -305.74 3.10656 
345.599 -305.722 3.10417 
346.019 -305.705 3.10178 
346.438 -305.687 3.09939 
346.857 -305.67 3.09701 
347.277 -305.653 3.09462 
347.696 -305.635 3.09223 
348.116 -305.618 3.08984 
348.535 -305.601 3.08745 
348.95 -305.663 3.08506 
349.365 -305.726 3.08267 
349.78 -305.788 3.08028 
350.196 -305.851 3.07789 
350.611 -305.914 3.0755 
351.026 -305.976 3.07311 
351.441 -306.039 3.07072 
351.856 -306.102 3.06833 
352.271 -306.164 3.06594 
352.686 -306.227 3.06355 
353.101 -306.289 3.06116 
353.516 -306.352 3.05877 
353.932 -306.415 3.05638 
354.347 -306.477 3.05399 
354.762 -306.54 3.0516 
355.177 -306.602 3.04921 
355.592 -306.665 3.04682 
356.007 -306.728 3.04444 
356.422 -306.79 3.04205 
356.837 -306.853 3.03966 
357.252 -306.916 3.03727 
357.667 -306.978 3.03488 
358.083 -307.041 3.03249 
358.498 -307.103 3.0301 
358.913 -307.166 3.02771 
359.328 -307.229 3.02532 
359.743 -307.291 3.02293 
360.158 -307.354 3.02054 
360.573 -307.417 3.01815 
360.988 -307.479 3.01576 
361.403 -307.542 3.01337 
361.818 -307.604 3.01098 
362.234 -307.667 3.00859 
362.649 -307.73 3.0062 
363.064 -307.792 3.00381 
363.479 -307.855 3.00142 
363.894 -307.918 2.99903 
364.309 -307.98 2.99664 
364.724 -308.043 2.99426 
365.139 -308.105 2.99187 
365.554 -308.168 2.98948 
365.97 -308.231 2.98709 
366.385 -308.293 2.9847 
366.8 -308.356 2.98231 
367.215 -308.418 2.97992 
367.63 -308.481 2.97753 
368.045 -308.544 2.97514 
368.46 -308.606 2.97275 
368.875 -308.669 2.97036 
369.29 -308.732 2.96797 
369.705 -308.794 2.96558 
370.121 -308.857 2.96319 
370.536 -308.919 2.9608 
370.951 -308.982 2.95841 
371.366 -309.045 2.95602 
371.781 -309.107 2.95363 
372.196 -309.17 2.95124 
372.611 -309.233 2.94885 
373.026 -309.295 2.94646 
373.441 -309.358 2.94407 
373.856 -309.42 2.94169 
374.272 -309.483 2.9393 
374.687 -309.546 2.93691 
375.102 -309.608 2.93452 
375.517 -309.671 2.93213 
375.932 -309.734 2.92974 
376.347 -309.796 2.92735 
376.762 -309.859 2.92496 
377.177 -309.921 2.92257 
377.592 -309.984 2.92018 
378.008 -310.047 2.91779 
378.423 -310.109 2.9154 
378.838 -310.172 2.91301 
379.253 -310.234 2.91062 
379.668 -310.297 2.90823 
380.083 -310.36 2.90584 
380.498 -310.422 2.90345 
380.913 -310.485 2.90106 
381.328 -310.548 2.89867 
381.743 -310.61 2.89628 
382.139 -310.751 2.89389 
382.535 -310.891 2.89151 
382.93 -311.031 2.88912 
383.326 -311.172 2.88673 
383.722 -311.312 2.88434 
384.117 -311.452 2.88195 
384.513 -311.593 2.87956 
384.909 -311.733 2.87717 
385.304 -311.873 2.87478 
385.7 -312.014 2.87239 
386.096 -312.154 2.87 
386.491 -312.294 2.86761 
386.887 -312.435 2.86522 
387.282 -312.575 2.86283 
387.678 -312.715 2.86044 
388.074 -312.856 2.85805 
388.469 -312.996 2.85566 
388.865 -313.137 2.85327 
389.261 -313.277 2.85088 
389.656 -313.417 2.84849 
390.052 -313.558 2.8461 
390.448 -313.698 2.84371 
390.843 -313.838 2.84132 
391.239 -313.979 2.83894 
391.635 -314.119 2.83655 
392.03 -314.259 2.83416 
392.426 -314.4 2.83177 
392.821 -314.54 2.82938 
393.217 -314.68 2.82699 
393.613 -314.821 2.8246 
394.008 -314.961 2.82221 
394.404 -315.101 2.81982 
394.8 -315.242 2.81743 
395.195 -315.382 2.81504 
395.591 -315.522 2.81265 
395.987 -315.663 2.81026 
396.382 -315.803 2.80787 
396.778 -315.944 2.80548 
397.174 -316.084 2.80309 
397.569 -316.224 2.8007 
397.965 -316.365 2.79831 
398.361 -316.505 2.79592 
398.756 -316.645 2.79353 
399.152 -316.786 2.79114 
399.547 -316.926 2.78876 
399.943 -317.066 2.78637 
400.339 -317.207 2.78398 
400.734 -317.347 2.78159 
401.13 -317.487 2.7792 
401.526 -317.628 2.77681 
401.921 -317.768 2.77442 
402.317 -317.908 2.77203 
402.713 -318.049 2.76964 
403.108 -318.189 2.76725 
403.504 -318.329 2.76486 
403.9 -318.47 2.76247 
404.295 -318.61 2.76008 
404.691 -318.751 2.75769 
405.086 -318.891 2.7553 
405.482 -319.031 2.75291 
405.878 -319.172 2.75052 
406.273 -319.312 2.74813 
406.669 -319.452 2.74574 
407.065 -319.593 2.74335 
407.46 -319.733 2.74096 
407.856 -319.873 2.73857 
408.252 -320.014 2.73619 
408.647 -320.154 2.7338 
409.043 -320.294 2.73141 
409.439 -320.435 2.72902 
409.834 -320.575 2.72663 
410.23 -320.715 2.72424 
410.625 -320.856 2.72185 
411.021 -320.996 2.71946 
411.417 -321.136 2.71707 
411.812 -321.277 2.71468 
412.208 -321.417 2.71229 
412.604 -321.558 2.7099 
412.999 -321.698 2.70751 
413.395 -321.838 2.70512 
413.757 -322.051 2.70273 
414.119 -322.264 2.70034 
414.48 -322.477 2.69795 
414.842 -322.69 2.69556 
415.204 -322.903 2.69317 
415.566 -323.116 2.69078 
415.927 -323.329 2.68839 
416.289 -323.542 2.68601 
416.651 -323.755 2.68362 
417.013 -323.968 2.68123 
417.374 -324.181 2.67884 
417.736 -324.394 2.67645 
418.098 -324.607 2.67406 
418.46 -324.82 2.67167 
418.822 -325.033 2.66928 
419.183 -325.246 2.66689 
419.545 -325.459 2.6645 
419.907 -325.672 2.66211 
420.269 -325.885 2.65972 
420.63 -326.098 2.65733 
420.992 -326.311 2.65494 
421.354 -326.523 2.65255 
421.716 -326.736 2.65016 
422.077 -326.949 2.64777 
422.439 -327.162 2.64538 
422.801 -327.375 2.64299 
423.163 -327.588 2.6406 
423.525 -327.801 2.63821 
423.886 -328.014 2.63582 
424.248 -328.227 2.63344 
424.61 -328.44 2.63105 
424.972 -328.653 2.62866 
425.333 -328.866 2.62627 
425.695 -329.079 2.62388 
426.057 -329.292 2.62149 
426.419 -329.505 2.6191 
426.78 -329.718 2.61671 
427.142 -329.931 2.61432 
427.504 -330.144 2.61193 
427.866 -330.357 2.60954 
428.228 -330.57 2.60715 
428.589 -330.783 2.60476 
428.951 -330.996 2.60237 
429.313 -331.209 2.59998 
429.675 -331.422 2.59759 
430.036 -331.635 2.5952 
430.398 -331.848 2.59281 
430.76 -332.061 2.59042 
431.122 -332.274 2.58803 
431.484 -332.487 2.58564 
431.845 -332.7 2.58326 
432.207 -332.912 2.58087 
432.569 -333.125 2.57848 
432.931 -333.338 2.57609 
433.292 -333.551 2.5737 
433.654 -333.764 2.57131 
434.016 -333.977 2.56892 
434.378 -334.19 2.56653 
434.739 -334.403 2.56414 
435.101 -334.616 2.56175 
435.463 -334.829 2.55936 
435.825 -335.042 2.55697 
436.187 -335.255 2.55458 
436.548 -335.468 2.55219 
436.91 -335.681 2.5498 
437.272 -335.894 2.54741 
437.634 -336.107 2.54502 
437.995 -336.32 2.54263 
438.357 -336.533 2.54024 
438.719 -336.746 2.53785 
439.081 -336.959 2.53546 
439.442 -337.172 2.53307 
439.804 -337.385 2.53069 
440.166 -337.598 2.5283 
440.528 -337.811 2.52591 
440.89 -338.024 2.52352 
441.251 -338.237 2.52113 
441.613 -338.45 2.51874 
441.975 -338.663 2.51635 
442.337 -338.876 2.51396 
442.649 -339.151 2.50735 
442.96 -339.427 2.50073 
443.272 -339.702 2.49412 
443.584 -339.978 2.48751 
443.896 -340.253 2.4809 
444.208 -340.529 2.47428 
444.52 -340.804 2.46767 
444.832 -341.08 2.46106 
445.144 -341.355 2.45445 
445.456 -341.631 2.44784 
445.768 -341.906 2.44122 
446.08 -342.182 2.43461 
446.391 -342.457 2.428 
446.703 -342.733 2.42139 
447.015 -343.008 2.41477 
447.327 -343.284 2.40816 
447.639 -343.559 2.40155 
447.951 -343.835 2.39494 
448.263 -344.11 2.38833 
448.575 -344.386 2.38171 
448.887 -344.661 2.3751 
449.199 -344.937 2.36849 
449.511 -345.212 2.36188 
449.823 -345.488 2.35526 
450.134 -345.763 2.34865 
450.446 -346.039 2.34204 
450.758 -346.314 2.33543 
451.07 -346.59 2.32882 
451.382 -346.865 2.3222 
451.636 -347.195 2.31559 
451.889 -347.525 2.30898 
452.143 -347.855 2.30237 
452.397 -348.185 2.29575 
452.651 -348.515 2.28914 
452.904 -348.845 2.28253 
453.158 -349.175 2.27592 
453.412 -349.505 2.2693 
453.665 -349.835 2.26269 
453.919 -350.164 2.25608 
454.173 -350.494 2.24947 
454.426 -350.824 2.24286 
454.68 -351.154 2.23624 
454.934 -351.484 2.22963 
455.187 -351.814 2.22302 
455.441 -352.144 2.21641 
455.695 -352.474 2.20979 
455.948 -352.804 2.20318 
456.202 -353.134 2.19657 
456.456 -353.464 2.18996 
456.71 -353.793 2.18335 
456.963 -354.123 2.17673 
457.217 -354.453 2.17012 
457.471 -354.783 2.16351 
457.724 -355.113 2.1569 
457.978 -355.443 2.15028 
458.232 -355.773 2.14367 
458.485 -356.103 2.13706 
458.739 -356.433 2.13045 
458.925 -356.805 2.12383 
459.111 -357.177 2.11722 
459.298 -357.549 2.11061 
459.484 -357.922 2.104 
459.67 -358.294 2.09739 
459.856 -358.666 2.09077 
460.042 -359.038 2.08416 
460.228 -359.41 2.07755 
460.415 -359.783 2.07094 
460.601 -360.155 2.06432 
460.787 -360.527 2.05771 
460.973 -360.899 2.0511 
461.159 -361.271 2.04449 
461.345 -361.644 2.03788 
461.532 -362.016 2.03126 
461.718 -362.388 2.02465 
461.904 -362.76 2.01804 
462.09 -363.133 2.01143 
462.276 -363.505 2.00481 
462.462 -363.877 1.9982 
462.648 -364.249 1.99159 
462.835 -364.621 1.98498 
463.021 -364.994 1.97837 
463.207 -365.366 1.97175 
463.393 -365.738 1.96514 
463.579 -366.11 1.95853 
463.765 -366.482 1.95192 
463.952 -366.855 1.9453 
464.138 -367.227 1.93869 
464.25 -367.628 1.93208 
464.361 -368.029 1.92547 
464.473 -368.429 1.91885 
464.585 -368.83 1.91224 
464.697 -369.231 1.90563 
464.809 -369.632 1.89902 
464.92 -370.033 1.89241 
465.032 -370.434 1.88579 
465.144 -370.835 1.87918 
465.256 -371.236 1.87257 
465.368 -371.636 1.86596 
465.48 -372.037 1.85934 
465.591 -372.438 1.85273 
465.703 -372.839 1.84612 
465.815 -373.24 1.83951 
465.927 -373.641 1.8329 
466.039 -374.042 1.82628 
466.15 -374.442 1.81967 
466.262 -374.843 1.81306 
466.374 -375.244 1.80645 
466.486 -375.645 1.79983 
466.598 -376.046 1.79322 
466.71 -376.447 1.78661 
466.821 -376.848 1.78 
466.933 -377.249 1.77338 
467.045 -377.649 1.76677 
467.157 -378.05 1.76016 
467.269 -378.451 1.75355 
467.38 -378.852 1.74694 
467.414 -379.267 1.74032 
467.447 -379.682 1.73371 
467.481 -380.096 1.7271 
467.514 -380.511 1.72049 
467.547 -380.926 1.71387 
467.581 -381.341 1.70726 
467.614 -381.756 1.70065 
467.647 -382.171 1.69404 
467.681 -382.585 1.68743 
467.714 -383 1.68081 
467.747 -383.415 1.6742 
467.781 -383.83 1.66759 
467.814 -384.245 1.66098 
467.848 -384.66 1.65436 
467.881 -385.074 1.64775 
467.914 -385.489 1.64114 
467.948 -385.904 1.63453 
467.981 -386.319 1.62792 
468.014 -386.734 1.6213 
468.048 -387.149 1.61469 
468.081 -387.563 1.60808 
468.114 -387.978 1.60147 
468.148 -388.393 1.59485 
468.181 -388.808 1.58824 
468.215 -389.223 1.58163 
468.248 -389.638 1.57502 
468.281 -390.052 1.5684 
468.315 -390.467 1.56179 
468.348 -390.882 1.55518 
468.302 -391.296 1.54857 
468.255 -391.709 1.54196 
468.209 -392.123 1.53534 
468.163 -392.536 1.52873 
468.117 -392.95 1.52212 
468.07 -393.364 1.51551 
468.024 -393.777 1.50889 
467.978 -394.191 1.50228 
467.931 -394.604 1.49567 
467.885 -395.018 1.48906 
467.839 -395.431 1.48245 
467.792 -395.845 1.47583 
467.746 -396.259 1.46922 
467.7 -396.672 1.46261 
467.653 -397.086 1.456 
467.607 -397.499 1.44938 
467.561 -397.913 1.44277 
467.515 -398.327 1.43616 
467.468 -398.74 1.42955 
467.422 -399.154 1.42293 
467.376 -399.567 1.41632 
467.329 -399.981 1.40971 
467.283 -400.395 1.4031 
467.237 -400.808 1.39649 
467.19 -401.222 1.38987 
467.144 -401.635 1.38326 
467.098 -402.049 1.37665 
467.052 -402.462 1.37004 
467.005 -402.876 1.36342 
466.881 -403.273 1.35681 
466.757 -403.67 1.3502 
466.632 -404.068 1.34359 
466.508 -404.465 1.33698 
466.384 -404.862 1.33036 
466.26 -405.259 1.32375 
466.135 -405.656 1.31714 
466.011 -406.053 1.31053 
465.887 -406.451 1.30391 
465.762 -406.848 1.2973 
465.638 -407.245 1.29069 
465.514 -407.642 1.28408 
465.39 -408.039 1.27747 
465.265 -408.437 1.27085 
465.141 -408.834 1.26424 
465.017 -409.231 1.25763 
464.892 -409.628 1.25102 
464.768 -410.025 1.2444 
464.644 -410.422 1.23779 
464.52 -410.82 1.23118 
464.395 -411.217 1.22457 
464.271 -411.614 1.21795 
464.147 -412.011 1.21134 
464.023 -412.408 1.20473 
463.898 -412.806 1.19812 
463.774 -413.203 1.19151 
463.65 -413.6 1.18489 
463.525 -413.997 1.17828 
463.401 -414.394 1.17167 
463.585 -414.011 1.17017 
463.769 -413.627 1.16868 
463.953 -413.244 1.16718 
464.136 -412.861 1.16569 
464.32 -412.477 1.16419 
464.504 -412.094 1.1627 
464.688 -411.71 1.1612 
464.871 -411.327 1.15971 
465.055 -410.943 1.15821 
465.239 -410.56 1.15672 
465.423 -410.177 1.15522 
465.607 -409.793 1.15373 
465.79 -409.41 1.15223 
465.974 -409.026 1.15073 
466.158 -408.643 1.14924 
466.342 -408.259 1.14774 
466.526 -407.876 1.14625 
466.709 -407.493 1.14475 
466.893 -407.109 1.14326 
467.077 -406.726 1.14176 
467.261 -406.342 1.14027 
467.444 -405.959 1.13877 
467.628 -405.576 1.13728 
467.812 -405.192 1.13578 
467.996 -404.809 1.13429 
468.18 -404.425 1.13279 
468.363 -404.042 1.1313 
468.547 -403.658 1.1298 
468.731 -403.275 1.12831 
468.915 -402.892 1.12681 
469.099 -402.508 1.12531 
469.282 -402.125 1.12382 
469.466 -401.741 1.12232 
469.65 -401.358 1.12083 
469.834 -400.974 1.11933 
470.018 -400.591 1.11784 
470.201 -400.208 1.11634 
470.385 -399.824 1.11485 
470.569 -399.441 1.11335 
470.753 -399.057 1.11186 
470.936 -398.674 1.11036 
471.12 -398.29 1.10887 
471.304 -397.907 1.10737 
471.488 -397.524 1.10588 
471.672 -397.14 1.10438 
471.855 -396.757 1.10289 
472.039 -396.373 1.10139 
472.223 -395.99 1.09989 
472.407 -395.606 1.0984 
472.591 -395.223 1.0969 
472.774 -394.84 1.09541 
472.958 -394.456 1.09391 
473.142 -394.073 1.09242 
473.326 -393.689 1.09092 
473.509 -393.306 1.08943 
473.693 -392.923 1.08793 
473.877 -392.539 1.08644 
474.061 -392.156 1.08494 
474.245 -391.772 1.08345 
474.428 -391.389 1.08195 
474.612 -391.005 1.08046 
474.796 -390.622 1.07896 
474.98 -390.239 1.07747 
475.164 -389.855 1.07597 
475.383 -389.491 1.07447 
475.603 -389.127 1.07298 
475.822 -388.763 1.07148 
476.042 -388.399 1.06999 
476.261 -388.035 1.06849 
476.481 -387.67 1.067 
476.701 -387.306 1.0655 
476.92 -386.942 1.06401 
477.14 -386.578 1.06251 
477.359 -386.214 1.06102 
477.579 -385.85 1.05952 
477.799 -385.486 1.05803 
478.018 -385.122 1.05653 
478.238 -384.758 1.05504 
478.457 -384.394 1.05354 
478.677 -384.029 1.05205 
478.896 -383.665 1.05055 
479.116 -383.301 1.04905 
479.336 -382.937 1.04756 
479.555 -382.573 1.04606 
479.775 -382.209 1.04457 
479.994 -381.845 1.04307 
480.214 -381.481 1.04158 
480.434 -381.117 1.04008 
480.653 -380.752 1.03859 
480.873 -380.388 1.03709 
481.092 -380.024 1.0356 
481.312 -379.66 1.0341 
481.531 -379.296 1.03261 
481.751 -378.932 1.03111 
481.971 -378.568 1.02962 
482.19 -378.204 1.02812 
482.41 -377.84 1.02663 
482.629 -377.475 1.02513 
482.849 -377.111 1.02363 
483.069 -376.747 1.02214 
483.288 -376.383 1.02064 
483.508 -376.019 1.01915 
483.727 -375.655 1.01765 
483.947 -375.291 1.01616 
484.166 -374.927 1.01466 
484.386 -374.563 1.01317 
484.606 -374.198 1.01167 
484.825 -373.834 1.01018 
485.045 -373.47 1.00868 
485.264 -373.106 1.00719 
485.484 -372.742 1.00569 
485.704 -372.378 1.0042 
485.923 -372.014 1.0027 
486.143 -371.65 1.00121 
486.362 -371.286 0.99971 
486.582 -370.922 0.998215 
486.801 -370.557 0.996719 
487.021 -370.193 0.995224 
487.241 -369.829 0.993729 
487.46 -369.465 0.992233 
487.68 -369.101 0.990738 
487.899 -368.737 0.989243 
488.119 -368.373 0.987748 
488.339 -368.009 0.986252 
488.558 -367.645 0.984757 
488.778 -367.28 0.983262 
488.997 -366.916 0.981766 
489.217 -366.552 0.980271 
489.47 -366.211 0.978776 
489.724 -365.869 0.977281 
489.977 -365.528 0.975785 
490.23 -365.186 0.97429 
490.484 -364.845 0.972795 
490.737 -364.503 0.971299 
490.991 -364.162 0.969804 
491.244 -363.821 0.968309 
491.497 -363.479 0.966813 
491.751 -363.138 0.965318 
492.004 -362.796 0.963823 
492.257 -362.455 0.962328 
492.511 -362.113 0.960832 
492.764 -361.772 0.959337 
493.017 -361.43 0.957842 
493.271 -361.089 0.956346 
493.524 -360.747 0.954851 
493.778 -360.406 0.953356 
494.031 -360.064 0.951861 
494.284 -359.723 0.950365 
494.538 -359.382 0.94887 
494.791 -359.04 0.947375 
495.044 -358.699 0.945879 
495.298 -358.357 0.944384 
495.551 -358.016 0.942889 
495.805 -357.674 0.941393 
496.058 -357.333 0.939898 
496.311 -356.991 0.938403 
496.565 -356.65 0.936908 
496.818 -356.308 0.935412 
497.071 -355.967 0.933917 
497.325 -355.625 0.932422 
497.578 -355.284 0.930926 
497.832 -354.943 0.929431 
498.085 -354.601 0.927936 
498.338 -354.26 0.92644 
498.592 -353.918 0.924945 
498.845 -353.577 0.92345 
499.098 -353.235 0.921955 
499.352 -352.894 0.920459 
499.605 -352.552 0.918964 
499.858 -352.211 0.917469 
500.112 -351.869 0.915973 
500.365 -351.528 0.914478 
500.619 -351.186 0.912983 
500.872 -350.845 0.911488 
501.125 -350.504 0.909992 
501.379 -350.162 0.908497 
501.632 -349.821 0.907002 
501.885 -349.479 0.905506 
502.139 -349.138 0.904011 
502.392 -348.796 0.902516 
502.646 -348.455 0.90102 
502.899 -348.113 0.899525 
503.152 -347.772 0.89803 
503.406 -347.43 0.896535 
503.659 -347.089 0.895039 
503.912 -346.748 0.893544 
504.166 -346.406 0.892049 
504.419 -346.065 0.890553 
504.673 -345.723 0.889058 
504.926 -345.382 0.887563 
505.179 -345.04 0.886068 
505.433 -344.699 0.884572 
505.724 -344.397 0.880645 
506.015 -344.094 0.876719 
506.306 -343.792 0.872792 
506.597 -343.49 0.868865 
506.888 -343.188 0.864939 
507.18 -342.885 0.861012 
507.471 -342.583 0.857085 
507.762 -342.281 0.853158 
508.053 -341.979 0.849232 
508.344 -341.676 0.845305 
508.635 -341.374 0.841378 
508.927 -341.072 0.837451 
509.218 -340.77 0.833525 
509.509 -340.467 0.829598 
509.8 -340.165 0.825671 
510.091 -339.863 0.821744 
510.382 -339.561 0.817818 
510.674 -339.258 0.813891 
510.965 -338.956 0.809964 
511.256 -338.654 0.806038 
511.547 -338.352 0.802111 
511.838 -338.049 0.798184 
512.129 -337.747 0.794257 
512.421 -337.445 0.790331 
512.712 -337.143 0.786404 
513.003 -336.84 0.782477 
513.294 -336.538 0.77855 
513.585 -336.236 0.774624 
513.876 -335.934 0.770697 
514.167 -335.631 0.76677 
514.459 -335.329 0.762843 
514.75 -335.027 0.758917 
515.041 -334.725 0.75499 
515.332 -334.422 0.751063 
515.623 -334.12 0.747136 
515.914 -333.818 0.74321 
516.206 -333.516 0.739283 
516.497 -333.213 0.735356 
516.788 -332.911 0.73143 
517.079 -332.609 0.727503 
517.37 -332.307 0.723576 
517.706 -332.055 0.719649 
518.042 -331.803 0.715723 
518.378 -331.552 0.711796 
518.714 -331.3 0.707869 
519.05 -331.048 0.703942 
519.385 -330.797 0.700016 
519.721 -330.545 0.696089 
520.057 -330.293 0.692162 
520.393 -330.042 0.688235 
520.729 -329.79 0.684309 
521.065 -329.538 0.680382 
521.4 -329.287 0.676455 
521.736 -329.035 0.672529 
522.072 -328.783 0.668602 
522.408 -328.532 0.664675 
522.744 -328.28 0.660748 
523.08 -328.028 0.656822 
523.416 -327.777 0.652895 
523.751 -327.525 0.648968 
524.087 -327.273 0.645041 
524.423 -327.022 0.641115 
524.759 -326.77 0.637188 
525.095 -326.518 0.633261 
525.431 -326.267 0.629334 
525.766 -326.015 0.625408 
526.102 -325.763 0.621481 
526.438 -325.512 0.617554 
526.774 -325.26 0.613627 
527.11 -325.008 0.609701 
527.446 -324.757 0.605774 
527.782 -324.505 0.601847 
528.117 -324.253 0.597921 
528.453 -324.002 0.593994 
528.789 -323.75 0.590067 
529.125 -323.498 0.58614 
529.461 -323.247 0.582214 
529.797 -322.995 0.578287 
530.132 -322.743 0.57436 
530.468 -322.492 0.570433 
530.804 -322.24 0.566507 
531.14 -321.988 0.56258 
531.512 -321.794 0.558653 
531.884 -321.599 0.554726 
532.256 -321.405 0.5508 
532.627 -321.21 0.546873 
532.999 -321.016 0.542946 
533.371 -320.821 0.53902 
533.743 -320.626 0.535093 
534.115 -320.432 0.531166 
534.487 -320.237 0.527239 
534.858 -320.043 0.523313 
535.23 -319.848 0.519386 
535.602 -319.654 0.515459 
535.974 -319.459 0.511532 
536.346 -319.264 0.507606 
536.718 -319.07 0.503679 
537.09 -318.875 0.499752 
537.461 -318.681 0.495825 
537.833 -318.486 0.491899 
538.205 -318.292 0.487972 
538.577 -318.097 0.484045 
538.949 -317.902 0.480118 
539.321 -317.708 0.476192 
539.692 -317.513 0.472265 
540.064 -317.319 0.468338 
540.436 -317.124 0.464412 
540.808 -316.93 0.460485 
541.18 -316.735 0.456558 
541.552 -316.54 0.452631 
541.924 -316.346 0.448705 
542.295 -316.151 0.444778 
542.667 -315.957 0.440851 
543.039 -315.762 0.436924 
543.411 -315.568 0.432998 
543.783 -315.373 0.429071 
544.155 -315.178 0.425144 
544.526 -314.984 0.421217 
544.898 -314.789 0.417291 
545.27 -314.595 0.413364 
545.642 -314.4 0.409437 
546.014 -314.206 0.40551 
546.386 -314.011 0.401584 
546.784 -313.879 0.397657 
547.182 -313.746 0.39373 
547.58 -313.614 0.389804 
547.979 -313.481 0.385877 
548.377 -313.349 0.38195 
548.775 -313.216 0.378023 
549.173 -313.084 0.374097 
549.572 -312.951 0.37017 
549.97 -312.819 0.366243 
550.368 -312.687 0.362316 
550.766 -312.554 0.35839 
551.164 -312.422 0.354463 
551.563 -312.289 0.350536 
551.961 -312.157 0.346609 
552.359 -312.024 0.342683 
552.757 -311.892 0.338756 
553.156 -311.759 0.334829 
553.554 -311.627 0.330903 
553.952 -311.494 0.326976 
554.35 -311.362 0.323049 
554.748 -311.23 0.319122 
555.147 -311.097 0.315196 
555.545 -310.965 0.311269 
555.943 -310.832 0.307342 
556.341 -310.7 0.303415 
556.74 -310.567 0.299489 
557.138 -310.435 0.295562 
557.536 -310.302 0.291635 
557.934 -310.17 0.287708 
558.333 -310.038 0.283782 
558.731 -309.905 0.279855 
559.129 -309.773 0.275928 
559.527 -309.64 0.272001 
559.925 -309.508 0.268075 
560.324 -309.375 0.264148 
560.722 -309.243 0.260221 
561.12 -309.11 0.256295 
561.518 -308.978 0.252368 
561.917 -308.846 0.248441 
562.315 -308.713 0.244514 
562.713 -308.581 0.240588 
563.127 -308.514 0.236661 
563.542 -308.447 0.232734 
563.956 -308.38 0.228807 
564.37 -308.313 0.224881 
564.785 -308.246 0.220954 
565.199 -308.179 0.217027 
565.613 -308.112 0.2131 
566.028 -308.045 0.209174 
566.442 -307.979 0.205247 
566.856 -307.912 0.20132 
567.27 -307.845 0.197394 
567.685 -307.778 0.193467 
568.099 -307.711 0.18954 
568.513 -307.644 0.185613 
568.928 -307.577 0.181687 
569.342 -307.51 0.17776 
569.756 -307.443 0.173833 
570.171 -307.376 0.169906 
570.585 -307.31 0.16598 
570.999 -307.243 0.162053 
571.414 -307.176 0.158126 
571.828 -307.109 0.154199 
572.242 -307.042 0.150273 
572.656 -306.975 0.146346 
573.071 -306.908 0.142419 
573.485 -306.841 0.138492 
573.899 -306.774 0.134566 
574.314 -306.707 0.130639 
574.728 -306.641 0.126712 
575.142 -306.574 0.122786 
575.557 -306.507 0.118859 
575.971 -306.44 0.114932 
576.385 -306.373 0.111005 
576.8 -306.306 0.107079 
577.214 -306.239 0.103152 
577.628 -306.172 0.0992251 
578.042 -306.105 0.0952984 
578.457 -306.038 0.0913717 
578.871 -305.972 0.0874449 
579.285 -305.905 0.0835182 
579.7 -305.838 0.0795914 
580.119 -305.784 0.0806138 
580.538 -305.731 0.0816361 
580.957 -305.677 0.0826584 
581.376 -305.624 0.0836807 
581.795 -305.57 0.0847031 
582.214 -305.516 0.0857254 
582.633 -305.463 0.0867477 
583.052 -305.409 0.08777 
583.471 -305.356 0.0887924 
583.889 -305.302 0.0898147 
584.308 -305.249 0.090837 
584.727 -305.195 0.0918593 
585.146 -305.142 0.0928817 
585.565 -305.088 0.093904 
585.984 -305.034 0.0949263 
586.403 -304.981 0.0959486 
586.822 -304.927 0.096971 
587.241 -304.874 0.0979933 
587.66 -304.82 0.0990156 
588.079 -304.767 0.100038 
588.498 -304.713 0.10106 
588.917 -304.66 0.102083 
589.336 -304.606 0.103105 
589.755 -304.552 0.104127 
590.174 -304.499 0.10515 
590.593 -304.445 0.106172 
591.012 -304.392 0.107194 
591.431 -304.338 0.108217 
591.85 -304.285 0.109239 
592.269 -304.231 0.110261 
592.688 -304.178 0.111284 
593.107 -304.124 0.112306 
593.526 -304.071 0.113328 
593.945 -304.017 0.11435 
594.364 -303.963 0.115373 
594.783 -303.91 0.116395 
595.202 -303.856 0.117417 
595.621 -303.803 0.11844 
596.04 -303.749 0.119462 
596.459 -303.696 0.120484 
596.878 -303.642 0.121507 
597.297 -303.589 0.122529 
597.716 -303.535 0.123551 
598.135 -303.481 0.124574 
598.554 -303.428 0.125596 
598.973 -303.374 0.126618 
599.392 -303.321 0.127641 
599.811 -303.267 0.128663 
600.23 -303.214 0.129685 
600.649 -303.16 0.130708 
601.068 -303.107 0.13173 
601.487 -303.053 0.132752 
601.906 -302.999 0.133775 
602.324 -302.946 0.134797 
602.743 -302.892 0.135819 
603.162 -302.839 0.136842 
603.581 -302.785 0.137864 
604 -302.732 0.138886 
604.419 -302.678 0.139909 
604.838 -302.625 0.140931 
605.257 -302.571 0.141953 
605.676 -302.517 0.142976 
606.095 -302.464 0.143998 
606.514 -302.41 0.14502 
606.933 -302.357 0.146043 
607.352 -302.303 0.147065 
607.771 -302.25 0.148087 
608.19 -302.196 0.14911 
608.609 -302.143 0.150132 
609.028 -302.089 0.151154 
609.447 -302.035 0.152177 
609.866 -301.982 0.153199 
610.285 -301.928 0.154221 
610.704 -301.875 0.155243 
611.123 -301.821 0.156266 
611.542 -301.768 0.157288 
611.961 -301.714 0.15831 
612.38 -301.661 0.159333 
612.799 -301.607 0.160355 
613.218 -301.554 0.161377 
613.637 -301.5 0.1624 
614.056 -301.446 0.163422 
614.475 -301.393 0.164444 
614.894 -301.339 0.165467 
615.313 -301.286 0.166489 
615.732 -301.232 0.167511 
616.151 -301.179 0.168534 
616.57 -301.125 0.169556 
616.989 -301.072 0.170578 
617.408 -301.018 0.171601 
617.827 -300.964 0.172623 
618.246 -300.911 0.173645 
618.665 -300.857 0.174668 
618.245 -300.894 0.172267 
617.825 -300.931 0.169867 
617.405 -300.967 0.167467 
616.985 -301.004 0.165067 
616.565 -301.041 0.162667 
616.145 -301.077 0.160267 
615.726 -301.114 0.157867 
615.306 -301.15 0.155466 
614.886 -301.187 0.153066 
614.466 -301.224 0.150666 
614.046 -301.26 0.148266 
613.626 -301.297 0.145866 
613.207 -301.334 0.143466 
612.787 -301.37 0.141065 
612.367 -301.407 0.138665 
611.947 -301.444 0.136265 
611.527 -301.48 0.133865 
611.107 -301.517 0.131465 
610.687 -301.554 0.129065 
610.268 -301.59 0.126664 
609.848 -301.627 0.124264 
609.428 -301.664 0.121864 
609.008 -301.7 0.119464 
608.588 -301.737 0.117064 
608.168 -301.773 0.114664 
607.748 -301.81 0.112263 
607.329 -301.847 0.109863 
606.909 -301.883 0.107463 
606.489 -301.92 0.105063 
606.069 -301.957 0.102663 
605.649 -301.993 0.100263 
605.229 -302.03 0.0978624 
604.809 -302.067 0.0954623 
604.39 -302.103 0.0930621 
603.97 -302.14 0.0906619 
603.55 -302.177 0.0882618 
603.13 -302.213 0.0858616 
602.71 -302.25 0.0834615 
602.29 -302.287 0.0810613 
601.87 -302.323 0.0786611 
601.451 -302.36 0.076261 
601.031 -302.396 0.0738608 
600.611 -302.433 0.0714606 
600.191 -302.47 0.0690605 
599.771 -302.506 0.0666603 
599.351 -302.543 0.0642602 
598.931 -302.58 0.06186 
598.512 -302.616 0.0594598 
598.092 -302.653 0.0570597 
597.672 -302.69 0.0546595 
597.252 -302.726 0.0522593 
596.832 -302.763 0.0498592 
596.412 -302.8 0.047459 
595.992 -302.836 0.0450588 
595.573 -302.873 0.0426587 
595.153 -302.909 0.0402585 
594.733 -302.946 0.0378584 
594.313 -302.983 0.0354582 
593.893 -303.019 0.033058 
593.473 -303.056 0.0306579 
593.054 -303.093 0.0282577 
592.634 -303.129 0.0258575 
592.214 -303.166 0.0234574 
591.794 -303.203 0.0210572 
591.374 -303.239 0.0186571 
590.954 -303.276 0.0162569 
590.534 -303.313 0.0138567 
590.115 -303.349 0.0114566 
589.695 -303.386 0.0090564 
589.275 -303.423 0.00665624 
588.855 -303.459 0.00425608 
588.435 -303.496 0.00185591 
588.015 -303.532 -0.000544248 
587.595 -303.495 -0.00294441 
587.176 -303.458 -0.00534457 
586.756 -303.421 -0.00774474 
586.336 -303.384 -0.0101449 
585.916 -303.347 -0.0125451 
585.496 -303.31 -0.0149452 
585.077 -303.273 -0.0173454 
584.657 -303.236 -0.0197456 
584.237 -303.199 -0.0221457 
583.817 -303.161 -0.0245459 
583.397 -303.124 -0.026946 
582.978 -303.087 -0.0293462 
582.558 -303.05 -0.0317464 
582.138 -303.013 -0.0341465 
581.718 -302.976 -0.0365467 
581.298 -302.939 -0.0389469 
580.878 -302.902 -0.041347 
580.459 -302.865 -0.0437472 
580.039 -302.828 -0.0461473 
579.619 -302.79 -0.0485475 
579.199 -302.753 -0.0509477 
578.779 -302.716 -0.0533478 
578.36 -302.679 -0.055748 
577.94 -302.642 -0.0581482 
577.52 -302.605 -0.0605483 
577.1 -302.568 -0.0629485 
576.68 -302.531 -0.0653486 
576.26 -302.494 -0.0677488 
575.841 -302.456 -0.070149 
575.421 -302.419 -0.0725491 
575.001 -302.382 -0.0749493 
574.581 -302.345 -0.0773495 
574.161 -302.308 -0.0797496 
573.742 -302.271 -0.0821498 
573.322 -302.234 -0.08455 
572.902 -302.197 -0.0869501 
572.482 -302.16 -0.0893503 
572.062 -302.123 -0.0917504 
571.643 -302.085 -0.0941506 
571.223 -302.048 -0.0965508 
570.803 -302.011 -0.0989509 
570.383 -301.974 -0.101351 
569.963 -301.937 -0.103751 
569.543 -301.9 -0.106151 
569.124 -301.863 -0.108552 
568.704 -301.826 -0.110952 
568.284 -301.789 -0.113352 
567.864 -301.752 -0.115752 
567.444 -301.714 -0.118152 
567.025 -301.677 -0.120552 
566.605 -301.64 -0.122953 
566.185 -301.603 -0.125353 
565.765 -301.566 -0.127753 
565.345 -301.529 -0.130153 
564.926 -301.492 -0.132553 
564.506 -301.455 -0.134953 
564.086 -301.418 -0.137354 
563.666 -301.38 -0.139754 
563.246 -301.343 -0.142154 
562.826 -301.306 -0.144554 
562.407 -301.269 -0.146954 
561.987 -301.232 -0.149354 
561.567 -301.195 -0.151755 
561.147 -301.158 -0.154155 
560.727 -301.121 -0.156555 
560.308 -301.084 -0.158955 
559.888 -301.047 -0.161355 
559.468 -301.009 -0.163755 
559.048 -300.972 -0.166155 
558.628 -300.935 -0.168556 
558.208 -300.898 -0.170956 
557.789 -300.861 -0.173356 
557.369 -300.824 -0.175756 
556.914 -300.73 -0.20415 
556.459 -300.636 -0.232543 
556.011 -300.516 -0.260937 
555.562 -300.396 -0.289331 
555.121 -300.251 -0.317724 
554.68 -300.106 -0.346118 
554.546 -300.036 -0.616467 
554.886 -300.293 -0.617574 
555.226 -300.551 -0.61868 
555.566 -300.809 -0.619787 
555.907 -301.066 -0.620894 
556.247 -301.324 -0.622 
556.587 -301.582 -0.623107 
556.928 -301.839 -0.624213 
557.268 -302.097 -0.62532 
557.608 -302.354 -0.626427 
557.949 -302.612 -0.627533 
558.289 -302.87 -0.62864 
558.629 -303.127 -0.629747 
558.97 -303.385 -0.630853 
559.31 -303.643 -0.63196 
559.65 -303.9 -0.633067 
559.99 -304.158 -0.634173 
560.331 -304.416 -0.63528 
560.671 -304.673 -0.636387 
561.011 -304.931 -0.637493 
561.352 -305.188 -0.6386 
561.692 -305.446 -0.639707 
562.032 -305.704 -0.640813 
562.373 -305.961 -0.64192 
562.713 -306.219 -0.643027 
563.053 -306.477 -0.644133 
563.394 -306.734 -0.64524 
563.734 -306.992 -0.646347 
564.074 -307.25 -0.647453 
564.414 -307.507 -0.64856 
564.755 -307.765 -0.649667 
565.095 -308.022 -0.650773 
565.435 -308.28 -0.65188 
565.776 -308.538 -0.652987 
566.116 -308.795 -0.654093 
566.456 -309.053 -0.6552 
566.797 -309.311 -0.656307 
567.137 -309.568 -0.657413 
567.477 -309.826 -0.65852 
567.818 -310.084 -0.659627 
568.158 -310.341 -0.660733 
568.498 -310.599 -0.66184 
568.839 -310.856 -0.662947 
569.179 -311.114 -0.664053 
569.519 -311.372 -0.66516 
569.859 -311.629 -0.666267 
570.2 -311.887 -0.667373 
570.54 -312.145 -0.66848 
570.88 -312.402 -0.669587 
571.221 -312.66 -0.670693 
571.561 -312.917 -0.6718 
571.901 -313.175 -0.672906 
572.242 -313.433 -0.674013 
572.582 -313.69 -0.67512 
572.922 -313.948 -0.676226 
573.263 -314.206 -0.677333 
573.603 -314.463 -0.67844 
573.943 -314.721 -0.679546 
574.257 -314.998 -0.690367 
574.571 -315.275 -0.701188 
574.885 -315.552 -0.712009 
575.199 -315.829 -0.72283 
575.513 -316.105 -0.733651 
575.827 -316.382 -0.744472 
576.14 -316.659 -0.755293 
576.454 -316.936 -0.766114 
576.743 -317.239 -0.776935 
577.032 -317.542 -0.787756 
577.321 -317.845 -0.798577 
577.61 -318.148 -0.809398 
577.898 -318.451 -0.820219 
578.187 -318.754 -0.83104 
578.476 -319.057 -0.841861 
578.765 -319.36 -0.852683 
579.026 -319.687 -0.863504 
579.288 -320.014 -0.874325 
579.549 -320.341 -0.885146 
579.811 -320.667 -0.895967 
580.072 -320.994 -0.906788 
580.334 -321.321 -0.917609 
580.595 -321.648 -0.92843 
580.857 -321.975 -0.939251 
581.089 -322.323 -0.950072 
581.321 -322.671 -0.960893 
581.554 -323.019 -0.971714 
581.786 -323.368 -0.982535 
582.018 -323.716 -0.993356 
582.25 -324.064 -1.00418 
582.483 -324.412 -1.015 
582.715 -324.76 -1.02582 
582.916 -325.127 -1.03664 
583.118 -325.494 -1.04746 
583.319 -325.861 -1.05828 
583.52 -326.228 -1.0691 
583.721 -326.595 -1.07992 
583.923 -326.962 -1.09074 
584.124 -327.329 -1.10157 
584.325 -327.696 -1.11239 
584.494 -328.079 -1.12321 
584.663 -328.462 -1.13403 
584.832 -328.845 -1.14485 
585.001 -329.228 -1.15567 
585.169 -329.612 -1.16649 
585.338 -329.995 -1.17731 
585.507 -330.378 -1.18813 
585.676 -330.761 -1.19895 
585.811 -331.157 -1.20978 
585.946 -331.553 -1.2206 
586.081 -331.949 -1.23142 
586.216 -332.345 -1.24224 
586.351 -332.742 -1.25306 
586.486 -333.138 -1.26388 
586.621 -333.534 -1.2747 
586.756 -333.93 -1.28552 
586.857 -334.336 -1.29634 
586.957 -334.743 -1.30716 
587.057 -335.149 -1.31799 
587.158 -335.556 -1.32881 
587.258 -335.962 -1.33963 
587.358 -336.368 -1.35045 
587.459 -336.775 -1.36127 
587.559 -337.181 -1.37209 
587.624 -337.595 -1.38291 
587.688 -338.008 -1.39373 
587.753 -338.422 -1.40455 
587.818 -338.835 -1.41537 
587.883 -339.249 -1.4262 
587.948 -339.662 -1.43702 
588.012 -340.076 -1.44784 
588.077 -340.489 -1.45866 
588.144 -340.908 -1.45736 
588.211 -341.326 -1.45605 
588.278 -341.744 -1.45475 
588.346 -342.162 -1.45345 
588.413 -342.581 -1.45215 
588.48 -342.999 -1.45085 
588.547 -343.417 -1.44954 
588.614 -343.836 -1.44824 
588.681 -344.254 -1.44694 
588.748 -344.672 -1.44564 
588.815 -345.09 -1.44433 
588.882 -345.509 -1.44303 
588.949 -345.927 -1.44173 
589.016 -346.345 -1.44043 
589.083 -346.763 -1.43912 
589.15 -347.182 -1.43782 
589.218 -347.6 -1.43652 
589.285 -348.018 -1.43522 
589.352 -348.436 -1.43392 
589.419 -348.855 -1.43261 
589.486 -349.273 -1.43131 
589.553 -349.691 -1.43001 
589.62 -350.11 -1.42871 
589.687 -350.528 -1.4274 
589.754 -350.946 -1.4261 
589.821 -351.364 -1.4248 
589.888 -351.783 -1.4235 
589.955 -352.201 -1.4222 
590.023 -352.619 -1.42089 
590.09 -353.037 -1.41959 
590.157 -353.456 -1.41829 
590.224 -353.874 -1.41699 
590.291 -354.292 -1.41568 
590.358 -354.711 -1.41438 
590.425 -355.129 -1.41308 
590.492 -355.547 -1.41178 
590.559 -355.965 -1.41047 
590.626 -356.384 -1.40917 
590.693 -356.802 -1.40787 
590.76 -357.22 -1.40657 
590.827 -357.638 -1.40527 
590.895 -358.057 -1.40396 
590.962 -358.475 -1.40266 
591.029 -358.893 -1.40136 
591.096 -359.311 -1.40006 
591.163 -359.73 -1.39875 
591.23 -360.148 -1.39745 
591.297 -360.566 -1.39615 
591.364 -360.985 -1.39485 
591.431 -361.403 -1.39354 
591.498 -361.821 -1.39224 
591.565 -362.239 -1.39094 
591.632 -362.658 -1.38964 
591.7 -363.076 -1.38834 
591.767 -363.494 -1.38703 
591.834 -363.912 -1.38573 
591.901 -364.331 -1.38443 
591.968 -364.749 -1.38313 
592.035 -365.167 -1.38182 
592.102 -365.586 -1.38052 
592.169 -366.004 -1.37922 
592.236 -366.422 -1.37792 
592.303 -366.84 -1.37662 
592.37 -367.259 -1.37531 
592.437 -367.677 -1.37401 
592.504 -368.095 -1.37271 
592.572 -368.513 -1.37141 
592.639 -368.932 -1.3701 
592.706 -369.35 -1.3688 
592.773 -369.768 -1.3675 
592.84 -370.187 -1.3662 
592.907 -370.605 -1.36489 
593.014 -371.021 -1.36357 
593.122 -371.437 -1.36225 
593.229 -371.853 -1.36093 
593.337 -372.268 -1.35961 
593.444 -372.684 -1.35829 
593.552 -373.1 -1.35697 
593.659 -373.516 -1.35565 
593.766 -373.932 -1.35433 
593.874 -374.348 -1.35301 
593.981 -374.764 -1.35169 
594.089 -375.18 -1.35037 
594.196 -375.596 -1.34905 
594.304 -376.012 -1.34773 
594.411 -376.428 -1.34641 
594.519 -376.844 -1.34509 
594.626 -377.26 -1.34376 
594.733 -377.676 -1.34244 
594.841 -378.091 -1.34112 
594.948 -378.507 -1.3398 
595.056 -378.923 -1.33848 
595.163 -379.339 -1.33716 
595.271 -379.755 -1.33584 
595.378 -380.171 -1.33452 
595.485 -380.587 -1.3332 
595.593 -381.003 -1.33188 
595.7 -381.419 -1.33056 
595.808 -381.835 -1.32924 
595.915 -382.251 -1.32792 
596.023 -382.667 -1.3266 
596.13 -383.083 -1.32528 
596.238 -383.499 -1.32396 
596.345 -383.914 -1.32264 
596.452 -384.33 -1.32131 
596.56 -384.746 -1.31999 
596.667 -385.162 -1.31867 
596.775 -385.578 -1.31735 
596.882 -385.994 -1.31603 
596.99 -386.41 -1.31471 
597.097 -386.826 -1.31339 
597.204 -387.242 -1.31207 
597.312 -387.658 -1.31075 
597.419 -388.074 -1.30943 
597.527 -388.49 -1.30811 
597.634 -388.906 -1.30679 
597.742 -389.322 -1.30547 
597.849 -389.737 -1.30415 
597.957 -390.153 -1.30283 
598.064 -390.569 -1.30151 
598.171 -390.985 -1.30018 
598.279 -391.401 -1.29886 
598.386 -391.817 -1.29754 
598.494 -392.233 -1.29622 
598.601 -392.649 -1.2949 
598.709 -393.065 -1.29358 
598.816 -393.481 -1.29226 
598.923 -393.897 -1.29094 
599.031 -394.313 -1.28962 
599.138 -394.729 -1.2883 
599.246 -395.145 -1.28698 
599.353 -395.56 -1.28566 
599.461 -395.976 -1.28434 
599.568 -396.392 -1.28302 
599.676 -396.808 -1.2817 
599.783 -397.224 -1.28038 
599.89 -397.64 -1.27905 
599.998 -398.056 -1.27773 
600.105 -398.472 -1.27641 
600.213 -398.888 -1.27509 
600.32 -399.304 -1.27377 
600.428 -399.72 -1.27245 
600.535 -400.136 -1.27113 

