50 -50 0 
50.5372 -50.0085 -0.000306343 
51.0744 -50.017 -0.000612687 
51.6116 -50.0254 -0.00091903 
52.1488 -50.0339 -0.00122537 
52.6861 -50.0424 -0.00153172 
53.2233 -50.0509 -0.00183806 
53.7605 -50.0593 -0.0021444 
54.2977 -50.0678 -0.00245075 
54.8349 -50.0763 -0.00275709 
55.3721 -50.0848 -0.00306343 
55.9093 -50.0932 -0.00336978 
56.4465 -50.1017 -0.00367612 
56.9837 -50.1102 -0.00398246 
57.521 -50.1187 -0.00428881 
58.0582 -50.1271 -0.00459515 
58.5954 -50.1356 -0.0049015 
59.1326 -50.1441 -0.00520784 
59.6698 -50.1526 -0.00551418 
60.207 -50.161 -0.00582053 
60.7442 -50.1695 -0.00612687 
61.2814 -50.178 -0.00643321 
61.8186 -50.1865 -0.00673956 
62.3559 -50.195 -0.0070459 
62.8931 -50.2034 -0.00735224 
63.4303 -50.2119 -0.00765859 
63.9675 -50.2204 -0.00796493 
64.5047 -50.2289 -0.00827127 
65.0419 -50.2373 -0.00857762 
65.5791 -50.2458 -0.00888396 
66.1163 -50.2543 -0.0091903 
66.6536 -50.2628 -0.00949665 
67.1908 -50.2712 -0.00980299 
67.728 -50.2797 -0.0101093 
68.2652 -50.2882 -0.0104157 
68.8024 -50.2967 -0.010722 
69.3396 -50.3051 -0.0110284 
69.8768 -50.3136 -0.0113347 
70.414 -50.3221 -0.0116411 
70.9512 -50.3306 -0.0119474 
71.4885 -50.339 -0.0122537 
72.0257 -50.3475 -0.0125601 
72.5629 -50.356 -0.0128664 
73.1001 -50.3645 -0.0131728 
73.6373 -50.3729 -0.0134791 
74.1745 -50.3814 -0.0137855 
74.7117 -50.3899 -0.0140918 
75.2489 -50.3984 -0.0143981 
75.7861 -50.4069 -0.0147045 
76.3234 -50.4153 -0.0150108 
76.8606 -50.4238 -0.0153172 
77.3978 -50.4323 -0.0156235 
77.935 -50.4408 -0.0159299 
78.4722 -50.4492 -0.0162362 
79.0094 -50.4577 -0.0165425 
79.5466 -50.4662 -0.0168489 
80.0838 -50.4747 -0.0171552 
80.621 -50.4831 -0.0174616 
81.1583 -50.4916 -0.0177679 
81.6955 -50.5001 -0.0180743 
82.2327 -50.5086 -0.0183806 
82.7699 -50.517 -0.018687 
83.3071 -50.5255 -0.0189933 
83.8443 -50.534 -0.0192996 
84.3815 -50.5425 -0.019606 
84.9187 -50.5509 -0.0199123 
85.4559 -50.5594 -0.0202187 
85.9932 -50.5679 -0.020525 
86.5304 -50.5764 -0.0208314 
87.0676 -50.5849 -0.0211377 
87.6048 -50.5933 -0.021444 
88.142 -50.6018 -0.0217504 
88.6792 -50.6103 -0.0220567 
89.2164 -50.6188 -0.0223631 
89.7536 -50.6272 -0.0226694 
90.2908 -50.6357 -0.0229758 
90.8281 -50.6442 -0.0232821 
91.3653 -50.6527 -0.0235884 
91.9025 -50.6611 -0.0238948 
92.4397 -50.6696 -0.0242011 
92.9769 -50.6781 -0.0245075 
93.5141 -50.6866 -0.0248138 
94.0513 -50.695 -0.0251202 
94.5885 -50.7035 -0.0254265 
95.1258 -50.712 -0.0257328 
95.663 -50.7205 -0.0260392 
96.2002 -50.7289 -0.0263455 
96.7374 -50.7374 -0.0266519 
97.2746 -50.7459 -0.0269582 
97.8118 -50.7544 -0.0272646 
98.349 -50.7629 -0.0275709 
98.8862 -50.7713 -0.0278773 
99.4234 -50.7798 -0.0281836 
99.9607 -50.7883 -0.0284899 
100.498 -50.7968 -0.0287963 
101.035 -50.8052 -0.0291026 
101.572 -50.8137 -0.029409 
102.109 -50.8222 -0.0297153 
102.647 -50.8307 -0.0300217 
103.184 -50.8391 -0.030328 
103.721 -50.8476 -0.0306343 
104.258 -50.8561 -0.0309407 
104.796 -50.8646 -0.031247 
105.333 -50.873 -0.0315534 
105.869 -50.8985 -0.0318597 
106.406 -50.9239 -0.0321661 
106.943 -50.9493 -0.0324724 
107.479 -50.9747 -0.0327787 
108.016 -51.0001 -0.0330851 
108.553 -51.0256 -0.0333914 
109.09 -51.051 -0.0336978 
109.626 -51.0764 -0.0340041 
110.163 -51.1018 -0.0343105 
110.7 -51.1272 -0.0346168 
111.236 -51.1527 -0.0349232 
111.773 -51.1781 -0.0352295 
112.31 -51.2035 -0.0355358 
112.846 -51.2289 -0.0358422 
113.383 -51.2543 -0.0361485 
113.92 -51.2798 -0.0364549 
114.456 -51.3052 -0.0367612 
114.993 -51.3306 -0.0370676 
115.53 -51.356 -0.0373739 
116.066 -51.3814 -0.0376802 
116.603 -51.4069 -0.0379866 
117.14 -51.4323 -0.0382929 
117.676 -51.4577 -0.0385993 
118.213 -51.4831 -0.0389056 
118.75 -51.5085 -0.039212 
119.286 -51.534 -0.0395183 
119.823 -51.5594 -0.0398246 
120.36 -51.5848 -0.040131 
120.896 -51.6102 -0.0404373 
121.433 -51.6356 -0.0407437 
121.97 -51.6611 -0.04105 
122.506 -51.6865 -0.0413564 
123.043 -51.7119 -0.0416627 
123.58 -51.7373 -0.0419691 
124.116 -51.7627 -0.0422754 
124.653 -51.7882 -0.0425817 
125.19 -51.8136 -0.0428881 
125.726 -51.839 -0.0431944 
126.263 -51.8644 -0.0435008 
126.8 -51.8898 -0.0438071 
127.337 -51.9153 -0.0441135 
127.873 -51.9407 -0.0444198 
128.41 -51.9661 -0.0447261 
128.947 -51.9915 -0.0450325 
129.483 -52.0169 -0.0453388 
130.02 -52.0424 -0.0456452 
130.557 -52.0678 -0.0459515 
131.093 -52.0932 -0.0462579 
131.63 -52.1186 -0.0465642 
132.167 -52.144 -0.0468705 
132.703 -52.1695 -0.0471769 
133.24 -52.1949 -0.0474832 
133.777 -52.2203 -0.0477896 
134.313 -52.2457 -0.0480959 
134.85 -52.2711 -0.0484023 
135.387 -52.2966 -0.0487086 
135.923 -52.322 -0.049015 
136.46 -52.3474 -0.0493213 
136.997 -52.3728 -0.0496276 
137.533 -52.3982 -0.049934 
138.07 -52.4237 -0.0502403 
138.607 -52.4491 -0.0505467 
139.143 -52.4745 -0.050853 
139.68 -52.4999 -0.0511594 
140.217 -52.5253 -0.0514657 
140.753 -52.5508 -0.051772 
141.29 -52.5762 -0.0520784 
141.827 -52.6016 -0.0523847 
142.363 -52.627 -0.0526911 
142.9 -52.6524 -0.0529974 
143.437 -52.6779 -0.0533038 
143.973 -52.7033 -0.0536101 
144.51 -52.7287 -0.0539164 
145.047 -52.7541 -0.0542228 
145.584 -52.7795 -0.0545291 
146.12 -52.805 -0.0548355 
146.657 -52.8304 -0.0551418 
147.194 -52.8558 -0.0554482 
147.73 -52.8812 -0.0557545 
148.267 -52.9066 -0.0560609 
148.804 -52.9321 -0.0563672 
149.34 -52.9575 -0.0566735 
149.877 -52.9829 -0.0569799 
150.414 -53.0083 -0.0572862 
150.95 -53.0337 -0.0575926 
151.487 -53.0592 -0.0578989 
152.024 -53.0846 -0.0582053 
152.56 -53.11 -0.0585116 
153.097 -53.1354 -0.0588179 
153.634 -53.1608 -0.0591243 
154.17 -53.1863 -0.0594306 
154.707 -53.2117 -0.059737 
155.244 -53.2371 -0.0600433 
155.78 -53.2625 -0.0603497 
156.317 -53.2879 -0.060656 
156.854 -53.3134 -0.0609623 
157.39 -53.3388 -0.0612687 
157.927 -53.3642 -0.061575 
158.464 -53.3896 -0.0618814 
159 -53.415 -0.0621877 
159.537 -53.4405 -0.0624941 
160.074 -53.4659 -0.0628004 
160.61 -53.4913 -0.0631067 
161.146 -53.5336 -0.0634131 
161.682 -53.576 -0.0637194 
162.217 -53.6183 -0.0640258 
162.753 -53.6606 -0.0643321 
163.288 -53.703 -0.0646385 
163.824 -53.7453 -0.0649448 
164.36 -53.7877 -0.0652512 
164.895 -53.83 -0.0655575 
165.431 -53.8723 -0.0658638 
165.967 -53.9147 -0.0661702 
166.502 -53.957 -0.0664765 
167.038 -53.9994 -0.0667829 
167.573 -54.0417 -0.0670892 
168.109 -54.084 -0.0673956 
168.645 -54.1264 -0.0677019 
169.18 -54.1687 -0.0680082 
169.716 -54.211 -0.0683146 
170.251 -54.2534 -0.0686209 
170.787 -54.2957 -0.0689273 
171.323 -54.3381 -0.0692336 
171.858 -54.3804 -0.06954 
172.394 -54.4227 -0.0698463 
172.929 -54.4651 -0.0701526 
173.465 -54.5074 -0.070459 
174.001 -54.5498 -0.0707653 
174.536 -54.5921 -0.0710717 
175.072 -54.6344 -0.071378 
175.607 -54.6768 -0.0716844 
176.143 -54.7191 -0.0719907 
176.679 -54.7614 -0.0722971 
177.214 -54.8038 -0.0726034 
177.75 -54.8461 -0.0729097 
178.285 -54.8885 -0.0732161 
178.821 -54.9308 -0.0735224 
179.357 -54.9731 -0.0738288 
179.892 -55.0155 -0.0741351 
180.428 -55.0578 -0.0744415 
180.964 -55.1002 -0.0747478 
181.499 -55.1425 -0.0750541 
182.035 -55.1848 -0.0753605 
182.57 -55.2272 -0.0756668 
183.106 -55.2695 -0.0759732 
183.642 -55.3118 -0.0762795 
184.177 -55.3542 -0.0765859 
184.713 -55.3965 -0.0768922 
185.248 -55.4389 -0.0771985 
185.784 -55.4812 -0.0775049 
186.32 -55.5235 -0.0778112 
186.855 -55.5659 -0.0781176 
187.391 -55.6082 -0.0784239 
187.926 -55.6506 -0.0787303 
188.462 -55.6929 -0.0790366 
188.998 -55.7352 -0.079343 
189.533 -55.7776 -0.0796493 
190.069 -55.8199 -0.0799556 
190.604 -55.8622 -0.080262 
191.14 -55.9046 -0.0805683 
191.676 -55.9469 -0.0808747 
192.211 -55.9893 -0.081181 
192.747 -56.0316 -0.0814874 
193.283 -56.0739 -0.0817937 
193.818 -56.1163 -0.0821 
194.354 -56.1586 -0.0824064 
194.889 -56.2009 -0.0827127 
195.425 -56.2433 -0.0830191 
195.961 -56.2856 -0.0833254 
196.496 -56.328 -0.0836318 
197.032 -56.3703 -0.0839381 
197.567 -56.4126 -0.0842444 
198.103 -56.455 -0.0845508 
198.639 -56.4973 -0.0848571 
199.174 -56.5397 -0.0851635 
199.71 -56.582 -0.0854698 
200.245 -56.6243 -0.0857762 
200.781 -56.6667 -0.0860825 
201.317 -56.709 -0.0863889 
201.852 -56.7513 -0.0866952 
202.388 -56.7937 -0.0870015 
202.923 -56.836 -0.0873079 
203.459 -56.8784 -0.0876142 
203.995 -56.9207 -0.0879206 
204.53 -56.963 -0.0882269 
205.066 -57.0054 -0.0885333 
205.601 -57.0477 -0.0888396 
206.137 -57.0901 -0.0891459 
206.673 -57.1324 -0.0894523 
207.208 -57.1747 -0.0897586 
207.744 -57.2171 -0.090065 
208.28 -57.2594 -0.0903713 
208.815 -57.3017 -0.0906777 
209.351 -57.3441 -0.090984 
209.886 -57.3864 -0.0912903 
210.422 -57.4288 -0.0915967 
210.958 -57.4711 -0.091903 
211.493 -57.5134 -0.0922094 
212.029 -57.5558 -0.0925157 
212.564 -57.5981 -0.0928221 
213.1 -57.6405 -0.0931284 
213.636 -57.6828 -0.0934348 
214.171 -57.7251 -0.0937411 
214.707 -57.7675 -0.0940474 
215.242 -57.8098 -0.0943538 
215.778 -57.8521 -0.0946601 
216.309 -57.9245 -0.0967016 
216.839 -57.9968 -0.098743 
217.37 -58.0691 -0.100784 
217.9 -58.1415 -0.102826 
218.431 -58.2138 -0.104867 
218.962 -58.2861 -0.106909 
219.492 -58.3585 -0.10895 
220.023 -58.4308 -0.110992 
220.553 -58.5031 -0.113033 
221.084 -58.5755 -0.115074 
221.615 -58.6478 -0.117116 
222.145 -58.7201 -0.119157 
222.676 -58.7925 -0.121199 
223.206 -58.8648 -0.12324 
223.737 -58.9371 -0.125282 
224.268 -59.0095 -0.127323 
224.798 -59.0818 -0.129364 
225.329 -59.1541 -0.131406 
225.859 -59.2265 -0.133447 
226.39 -59.2988 -0.135489 
226.921 -59.3711 -0.13753 
227.451 -59.4435 -0.139572 
227.982 -59.5158 -0.141613 
228.512 -59.5881 -0.143654 
229.043 -59.6605 -0.145696 
229.574 -59.7328 -0.147737 
230.104 -59.8051 -0.149779 
230.635 -59.8775 -0.15182 
231.165 -59.9498 -0.153862 
231.696 -60.0221 -0.155903 
232.227 -60.0945 -0.157944 
232.757 -60.1668 -0.159986 
233.288 -60.2391 -0.162027 
233.818 -60.3115 -0.164069 
234.349 -60.3838 -0.16611 
234.88 -60.4561 -0.168152 
235.41 -60.5285 -0.170193 
235.941 -60.6008 -0.172234 
236.471 -60.6731 -0.174276 
237.002 -60.7455 -0.176317 
237.525 -60.8609 -0.178359 
238.048 -60.9762 -0.1804 
238.571 -61.0916 -0.182442 
239.094 -61.207 -0.184483 
239.617 -61.3223 -0.186525 
240.14 -61.4377 -0.188566 
240.662 -61.5531 -0.190607 
241.185 -61.6685 -0.192649 
241.708 -61.7838 -0.19469 
242.231 -61.8992 -0.196732 
242.754 -62.0146 -0.198773 
243.277 -62.1299 -0.200815 
243.8 -62.2453 -0.202856 
244.323 -62.3607 -0.204897 
244.846 -62.4761 -0.206939 
245.369 -62.5914 -0.20898 
245.892 -62.7068 -0.211022 
246.415 -62.8222 -0.213063 
246.938 -62.9375 -0.215105 
247.461 -63.0529 -0.217146 
247.984 -63.1683 -0.219187 
248.506 -63.2837 -0.221229 
249.029 -63.399 -0.22327 
249.552 -63.5144 -0.225312 
250.075 -63.6298 -0.227353 
250.598 -63.7451 -0.229395 
251.121 -63.8605 -0.231436 
251.644 -63.9759 -0.233477 
252.167 -64.0913 -0.235519 
252.69 -64.2066 -0.23756 
253.213 -64.322 -0.239602 
253.736 -64.4374 -0.241643 
254.259 -64.5527 -0.243685 
254.782 -64.6681 -0.245726 
255.305 -64.7835 -0.247767 
255.827 -64.8989 -0.249809 
256.35 -65.0142 -0.25185 
256.873 -65.1296 -0.253892 
257.396 -65.245 -0.255933 
257.919 -65.3603 -0.257975 
258.431 -65.518 -0.260016 
258.943 -65.6756 -0.262057 
259.455 -65.8333 -0.264099 
259.966 -65.9909 -0.26614 
260.478 -66.1485 -0.268182 
260.99 -66.3062 -0.270223 
261.502 -66.4638 -0.272265 
262.013 -66.6215 -0.274306 
262.525 -66.7791 -0.276347 
263.037 -66.9367 -0.278389 
263.549 -67.0944 -0.28043 
264.061 -67.252 -0.282472 
264.572 -67.4097 -0.284513 
265.084 -67.5673 -0.286555 
265.596 -67.7249 -0.288596 
266.108 -67.8826 -0.290637 
266.619 -68.0402 -0.292679 
267.131 -68.1979 -0.29472 
267.643 -68.3555 -0.296762 
268.155 -68.5132 -0.298803 
268.667 -68.6708 -0.300845 
269.178 -68.8284 -0.302886 
269.69 -68.9861 -0.304927 
270.202 -69.1437 -0.306969 
270.714 -69.3014 -0.30901 
271.225 -69.459 -0.311052 
271.737 -69.6166 -0.313093 
272.249 -69.7743 -0.315135 
272.761 -69.9319 -0.317176 
273.273 -70.0896 -0.319218 
273.784 -70.2472 -0.321259 
274.296 -70.4048 -0.3233 
274.808 -70.5625 -0.325342 
275.32 -70.7201 -0.327383 
275.831 -70.8778 -0.329425 
276.343 -71.0354 -0.331466 
276.855 -71.193 -0.333508 
277.367 -71.3507 -0.335549 
277.879 -71.5083 -0.33759 
278.39 -71.666 -0.339632 
278.888 -71.8648 -0.341673 
279.385 -72.0637 -0.343715 
279.882 -72.2625 -0.345756 
280.379 -72.4614 -0.347798 
280.876 -72.6603 -0.349839 
281.374 -72.8591 -0.35188 
281.871 -73.058 -0.353922 
282.368 -73.2568 -0.355963 
282.865 -73.4557 -0.358005 
283.362 -73.6546 -0.360046 
283.86 -73.8534 -0.362088 
284.357 -74.0523 -0.364129 
284.854 -74.2511 -0.36617 
285.351 -74.45 -0.368212 
285.849 -74.6489 -0.370253 
286.346 -74.8477 -0.372295 
286.843 -75.0466 -0.374336 
287.34 -75.2454 -0.376378 
287.837 -75.4443 -0.378419 
288.335 -75.6432 -0.38046 
288.832 -75.842 -0.382502 
289.329 -76.0409 -0.384543 
289.826 -76.2397 -0.386585 
290.323 -76.4386 -0.388626 
290.821 -76.6375 -0.390668 
291.318 -76.8363 -0.392709 
291.815 -77.0352 -0.39475 
292.312 -77.234 -0.396792 
292.81 -77.4329 -0.398833 
293.307 -77.6317 -0.400875 
293.804 -77.8306 -0.402916 
294.301 -78.0295 -0.404958 
294.798 -78.2283 -0.406999 
295.296 -78.4272 -0.40904 
295.793 -78.626 -0.411082 
296.29 -78.8249 -0.413123 
296.787 -79.0238 -0.415165 
297.284 -79.2226 -0.417206 
297.782 -79.4215 -0.419248 
298.279 -79.6203 -0.421289 
298.758 -79.8591 -0.42333 
299.238 -80.0978 -0.425372 
299.717 -80.3366 -0.427413 
300.196 -80.5754 -0.429455 
300.676 -80.8141 -0.431496 
301.155 -81.0529 -0.433538 
301.634 -81.2916 -0.435579 
302.114 -81.5304 -0.437621 
302.593 -81.7691 -0.439662 
303.072 -82.0079 -0.441703 
303.552 -82.2466 -0.443745 
304.031 -82.4854 -0.445786 
304.51 -82.7241 -0.447828 
304.99 -82.9629 -0.449869 
305.469 -83.2016 -0.451911 
305.948 -83.4404 -0.453952 
306.428 -83.6791 -0.455993 
306.907 -83.9179 -0.458035 
307.386 -84.1566 -0.460076 
307.866 -84.3954 -0.462118 
308.345 -84.6341 -0.464159 
308.824 -84.8729 -0.466201 
309.304 -85.1117 -0.468242 
309.783 -85.3504 -0.470283 
310.262 -85.5892 -0.472325 
310.742 -85.8279 -0.474366 
311.221 -86.0667 -0.476408 
311.7 -86.3054 -0.478449 
312.18 -86.5442 -0.480491 
312.659 -86.7829 -0.482532 
313.138 -87.0217 -0.484573 
313.618 -87.2604 -0.486615 
314.097 -87.4992 -0.488656 
314.576 -87.7379 -0.490698 
315.056 -87.9767 -0.492739 
315.535 -88.2154 -0.494781 
316.014 -88.4542 -0.496822 
316.494 -88.6929 -0.498863 
316.973 -88.9317 -0.500905 
317.452 -89.1705 -0.502946 
317.911 -89.4475 -0.504988 
318.369 -89.7246 -0.507029 
318.827 -90.0016 -0.509071 
319.285 -90.2787 -0.511112 
319.744 -90.5557 -0.513153 
320.202 -90.8328 -0.515195 
320.66 -91.1098 -0.517236 
321.119 -91.3869 -0.519278 
321.577 -91.6639 -0.521319 
322.035 -91.941 -0.523361 
322.493 -92.2181 -0.525402 
322.952 -92.4951 -0.527443 
323.41 -92.7722 -0.529485 
323.868 -93.0492 -0.531526 
324.326 -93.3263 -0.533568 
324.785 -93.6033 -0.535609 
325.243 -93.8804 -0.537651 
325.701 -94.1574 -0.539692 
326.159 -94.4345 -0.541733 
326.618 -94.7116 -0.543775 
327.076 -94.9886 -0.545816 
327.534 -95.2657 -0.547858 
327.993 -95.5427 -0.549899 
328.451 -95.8198 -0.551941 
328.909 -96.0968 -0.553982 
329.367 -96.3739 -0.556023 
329.826 -96.6509 -0.558065 
330.284 -96.928 -0.560106 
330.742 -97.2051 -0.562148 
331.2 -97.4821 -0.564189 
331.659 -97.7592 -0.566231 
332.117 -98.0362 -0.568272 
332.575 -98.3133 -0.570314 
333.033 -98.5903 -0.572355 
333.492 -98.8674 -0.574396 
333.95 -99.1444 -0.576438 
334.408 -99.4215 -0.578479 
334.867 -99.6985 -0.580521 
335.325 -99.9756 -0.582562 
335.783 -100.253 -0.584604 
336.217 -100.566 -0.586645 
336.651 -100.88 -0.588686 
337.085 -101.193 -0.590728 
337.52 -101.507 -0.592769 
337.954 -101.82 -0.594811 
338.388 -102.134 -0.596852 
338.822 -102.447 -0.598894 
339.256 -102.761 -0.600935 
339.69 -103.074 -0.602976 
340.124 -103.388 -0.605018 
340.559 -103.701 -0.607059 
340.993 -104.015 -0.609101 
341.427 -104.328 -0.611142 
341.861 -104.642 -0.613184 
342.295 -104.955 -0.615225 
342.729 -105.269 -0.617266 
343.163 -105.582 -0.619308 
343.598 -105.896 -0.621349 
344.032 -106.209 -0.623391 
344.466 -106.523 -0.625432 
344.9 -106.836 -0.627474 
345.334 -107.15 -0.629515 
345.768 -107.463 -0.631556 
346.202 -107.777 -0.633598 
346.637 -108.09 -0.635639 
347.071 -108.404 -0.637681 
347.505 -108.717 -0.639722 
347.939 -109.031 -0.641764 
348.373 -109.344 -0.643805 
348.807 -109.658 -0.645846 
349.241 -109.972 -0.647888 
349.676 -110.285 -0.649929 
350.11 -110.599 -0.651971 
350.544 -110.912 -0.654012 
350.978 -111.226 -0.656054 
351.412 -111.539 -0.658095 
351.846 -111.853 -0.660136 
352.28 -112.166 -0.662178 
352.715 -112.48 -0.664219 
353.149 -112.793 -0.666261 
352.757 -112.415 -0.678118 
352.364 -112.037 -0.689975 
351.972 -111.659 -0.701832 
351.58 -111.281 -0.713689 
351.188 -110.903 -0.725546 
350.796 -110.525 -0.737404 
350.404 -110.147 -0.749261 
350.012 -109.769 -0.761118 
349.62 -109.391 -0.772975 
349.228 -109.013 -0.784832 
348.835 -108.635 -0.796689 
348.443 -108.257 -0.808546 
348.051 -107.879 -0.820404 
347.659 -107.501 -0.832261 
347.267 -107.123 -0.844118 
346.875 -106.745 -0.855975 
346.483 -106.367 -0.867832 
346.174 -105.919 -0.879689 
345.866 -105.47 -0.891546 
345.557 -105.021 -0.903404 
345.249 -104.572 -0.915261 
344.94 -104.123 -0.927118 
344.632 -103.674 -0.938975 
344.323 -103.225 -0.950832 
344.015 -102.777 -0.962689 
343.706 -102.328 -0.974546 
343.398 -101.879 -0.986404 
343.089 -101.43 -0.998261 
342.781 -100.981 -1.01012 
342.472 -100.532 -1.02197 
342.164 -100.084 -1.03383 
341.855 -99.6348 -1.04569 
341.547 -99.1859 -1.05755 
341.238 -98.7371 -1.0694 
341.527 -99.1874 -1.06721 
341.816 -99.6376 -1.06502 
342.105 -100.088 -1.06283 
342.394 -100.538 -1.06064 
342.683 -100.988 -1.05844 
342.971 -101.439 -1.05625 
343.26 -101.889 -1.05406 
343.549 -102.339 -1.05187 
343.838 -102.789 -1.04968 
344.127 -103.24 -1.04748 
344.416 -103.69 -1.04529 
344.705 -104.14 -1.0431 
344.994 -104.591 -1.04091 
345.282 -105.041 -1.03872 
345.571 -105.491 -1.03653 
345.86 -105.941 -1.03433 
346.149 -106.392 -1.03214 
346.438 -106.842 -1.02995 
346.727 -107.292 -1.02776 
347.016 -107.742 -1.02557 
347.305 -108.193 -1.02337 
347.594 -108.643 -1.02118 
347.882 -109.093 -1.01899 
348.171 -109.543 -1.0168 
348.46 -109.994 -1.01461 
348.749 -110.444 -1.01241 
349.038 -110.894 -1.01022 
349.327 -111.344 -1.00803 
349.616 -111.795 -1.00584 
349.905 -112.245 -1.00365 
350.193 -112.695 -1.00146 
350.482 -113.146 -0.999263 
350.771 -113.596 -0.997071 
351.06 -114.046 -0.994879 
351.349 -114.496 -0.992688 
351.638 -114.947 -0.990496 
351.927 -115.397 -0.988304 
352.216 -115.847 -0.986112 
352.505 -116.297 -0.98392 
352.793 -116.748 -0.981728 
353.082 -117.198 -0.979536 
353.371 -117.648 -0.977344 
353.66 -118.098 -0.975153 
353.949 -118.549 -0.972961 
354.238 -118.999 -0.970769 
354.527 -119.449 -0.968577 
354.816 -119.899 -0.966385 
355.104 -120.35 -0.964193 
355.393 -120.8 -0.962001 
355.682 -121.25 -0.959809 
355.971 -121.701 -0.957617 
356.26 -122.151 -0.955426 
356.549 -122.601 -0.953234 
356.838 -123.051 -0.951042 
357.127 -123.502 -0.94885 
357.416 -123.952 -0.946658 
357.704 -124.402 -0.944466 
357.993 -124.852 -0.942274 
358.282 -125.303 -0.940082 
358.571 -125.753 -0.93789 
358.86 -126.203 -0.935699 
359.149 -126.653 -0.933507 
359.438 -127.104 -0.931315 
359.786 -127.51 -0.929123 
360.134 -127.916 -0.926931 
360.482 -128.322 -0.924739 
360.83 -128.729 -0.922547 
361.178 -129.135 -0.920355 
361.526 -129.541 -0.918164 
361.874 -129.947 -0.915972 
362.223 -130.353 -0.91378 
362.571 -130.76 -0.911588 
362.919 -131.166 -0.909396 
363.267 -131.572 -0.907204 
363.615 -131.978 -0.905012 
363.963 -132.384 -0.90282 
364.311 -132.791 -0.900628 
364.659 -133.197 -0.898437 
365.007 -133.603 -0.896245 
365.356 -134.009 -0.894053 
365.704 -134.416 -0.891861 
366.052 -134.822 -0.889669 
366.4 -135.228 -0.887477 
366.748 -135.634 -0.885285 
367.096 -136.04 -0.883093 
367.444 -136.447 -0.880901 
367.792 -136.853 -0.87871 
368.14 -137.259 -0.876518 
368.489 -137.665 -0.874326 
368.837 -138.071 -0.872134 
369.185 -138.478 -0.869942 
369.533 -138.884 -0.86775 
369.881 -139.29 -0.865558 
370.229 -139.696 -0.863366 
370.577 -140.102 -0.861175 
370.925 -140.509 -0.858983 
371.273 -140.915 -0.856791 
371.622 -141.321 -0.854599 
371.97 -141.727 -0.852407 
372.318 -142.134 -0.850215 
372.666 -142.54 -0.848023 
373.014 -142.946 -0.845831 
373.362 -143.352 -0.843639 
373.71 -143.758 -0.841448 
374.058 -144.165 -0.839256 
374.406 -144.571 -0.837064 
374.755 -144.977 -0.834872 
375.103 -145.383 -0.83268 
375.451 -145.789 -0.830488 
375.799 -146.196 -0.828296 
376.147 -146.602 -0.826104 
376.495 -147.008 -0.823913 
376.843 -147.414 -0.821721 
377.191 -147.821 -0.819529 
377.539 -148.227 -0.817337 
377.888 -148.633 -0.815145 
378.236 -149.039 -0.812953 
378.584 -149.445 -0.810761 
378.932 -149.852 -0.808569 
379.28 -150.258 -0.806377 
379.628 -150.664 -0.804186 
379.976 -151.07 -0.801994 
380.324 -151.476 -0.799802 
380.672 -151.883 -0.79761 
381.021 -152.289 -0.795418 
381.369 -152.695 -0.793226 
381.769 -153.05 -0.791034 
382.17 -153.404 -0.788842 
382.571 -153.758 -0.78665 
382.972 -154.113 -0.784459 
383.372 -154.467 -0.782267 
383.773 -154.822 -0.780075 
384.174 -155.176 -0.777883 
384.574 -155.531 -0.775691 
384.975 -155.885 -0.773499 
385.376 -156.239 -0.771307 
385.777 -156.594 -0.769115 
386.177 -156.948 -0.766924 
386.578 -157.303 -0.764732 
386.979 -157.657 -0.76254 
387.379 -158.011 -0.760348 
387.78 -158.366 -0.758156 
388.181 -158.72 -0.755964 
388.582 -159.075 -0.753772 
388.982 -159.429 -0.75158 
389.383 -159.784 -0.749388 
389.784 -160.138 -0.747197 
390.184 -160.492 -0.745005 
390.585 -160.847 -0.742813 
390.986 -161.201 -0.740621 
391.387 -161.556 -0.738429 
391.787 -161.91 -0.736237 
392.188 -162.265 -0.734045 
392.589 -162.619 -0.731853 
392.989 -162.973 -0.729661 
393.39 -163.328 -0.72747 
393.791 -163.682 -0.725278 
394.192 -164.037 -0.723086 
394.592 -164.391 -0.720894 
394.993 -164.746 -0.718702 
395.394 -165.1 -0.71651 
395.794 -165.454 -0.714318 
396.195 -165.809 -0.712126 
396.596 -166.163 -0.709935 
396.997 -166.518 -0.707743 
397.397 -166.872 -0.705551 
397.798 -167.227 -0.703359 
398.199 -167.581 -0.701167 
398.599 -167.935 -0.698975 
399 -168.29 -0.696783 
399.401 -168.644 -0.694591 
399.801 -168.999 -0.692399 
400.202 -169.353 -0.690208 
400.603 -169.708 -0.688016 
401.004 -170.062 -0.685824 
401.404 -170.416 -0.683632 
401.805 -170.771 -0.68144 
402.206 -171.125 -0.679248 
402.606 -171.48 -0.677056 
403.007 -171.834 -0.674864 
403.408 -172.189 -0.672672 
403.809 -172.543 -0.670481 
404.209 -172.897 -0.668289 
404.61 -173.252 -0.666097 
405.011 -173.606 -0.663905 
405.411 -173.961 -0.661713 
405.812 -174.315 -0.659521 
406.213 -174.67 -0.657329 
406.614 -175.024 -0.655137 
407.059 -175.32 -0.652946 
407.505 -175.616 -0.650754 
407.951 -175.912 -0.648562 
408.396 -176.208 -0.64637 
408.842 -176.504 -0.644178 
409.288 -176.799 -0.641986 
409.733 -177.095 -0.639794 
410.179 -177.391 -0.637602 
410.625 -177.687 -0.63541 
411.07 -177.983 -0.633219 
411.516 -178.279 -0.631027 
411.962 -178.575 -0.628835 
412.408 -178.871 -0.626643 
412.853 -179.167 -0.624451 
413.299 -179.462 -0.622259 
413.745 -179.758 -0.620067 
414.19 -180.054 -0.617875 
414.636 -180.35 -0.615683 
415.082 -180.646 -0.613492 
415.527 -180.942 -0.6113 
415.973 -181.238 -0.609108 
416.419 -181.534 -0.606916 
416.864 -181.83 -0.604724 
417.31 -182.126 -0.602532 
417.756 -182.421 -0.60034 
418.201 -182.717 -0.598148 
418.647 -183.013 -0.595957 
419.093 -183.309 -0.593765 
419.538 -183.605 -0.591573 
419.984 -183.901 -0.589381 
420.43 -184.197 -0.587189 
420.876 -184.493 -0.584997 
421.321 -184.789 -0.582805 
421.767 -185.085 -0.580613 
422.213 -185.38 -0.578421 
422.658 -185.676 -0.57623 
423.104 -185.972 -0.574038 
423.55 -186.268 -0.571846 
423.995 -186.564 -0.569654 
424.441 -186.86 -0.567462 
424.887 -187.156 -0.56527 
425.332 -187.452 -0.563078 
425.778 -187.748 -0.560886 
426.224 -188.043 -0.558694 
426.669 -188.339 -0.556503 
427.115 -188.635 -0.554311 
427.561 -188.931 -0.552119 
428.007 -189.227 -0.549927 
428.452 -189.523 -0.547735 
428.898 -189.819 -0.545543 
429.344 -190.115 -0.543351 
429.789 -190.411 -0.541159 
430.235 -190.707 -0.538968 
430.681 -191.002 -0.536776 
431.126 -191.298 -0.534584 
431.572 -191.594 -0.532392 
432.018 -191.89 -0.5302 
432.463 -192.186 -0.528008 
432.909 -192.482 -0.525816 
433.355 -192.778 -0.523624 
433.8 -193.074 -0.521432 
434.246 -193.37 -0.519241 
434.692 -193.665 -0.517049 
435.15 -193.937 -0.517473 
435.608 -194.209 -0.517898 
436.066 -194.48 -0.518323 
436.524 -194.752 -0.518747 
436.982 -195.024 -0.519172 
437.44 -195.295 -0.519597 
437.898 -195.567 -0.520021 
438.355 -195.838 -0.520446 
438.813 -196.11 -0.520871 
439.271 -196.382 -0.521296 
439.729 -196.653 -0.52172 
440.187 -196.925 -0.522145 
440.645 -197.196 -0.52257 
441.103 -197.468 -0.522994 
441.561 -197.74 -0.523419 
442.019 -198.011 -0.523844 
442.477 -198.283 -0.524268 
442.935 -198.554 -0.524693 
443.393 -198.826 -0.525118 
443.851 -199.098 -0.525542 
444.309 -199.369 -0.525967 
444.767 -199.641 -0.526392 
445.225 -199.912 -0.526816 
445.683 -200.184 -0.527241 
446.141 -200.456 -0.527666 
446.599 -200.727 -0.52809 
447.057 -200.999 -0.528515 
447.515 -201.27 -0.52894 
447.973 -201.542 -0.529365 
448.431 -201.814 -0.529789 
448.889 -202.085 -0.530214 
449.347 -202.357 -0.530639 
449.804 -202.628 -0.531063 
450.262 -202.9 -0.531488 
450.72 -203.172 -0.531913 
451.178 -203.443 -0.532337 
451.636 -203.715 -0.532762 
452.094 -203.986 -0.533187 
452.552 -204.258 -0.533611 
453.01 -204.53 -0.534036 
453.468 -204.801 -0.534461 
453.926 -205.073 -0.534885 
454.384 -205.344 -0.53531 
454.842 -205.616 -0.535735 
455.3 -205.888 -0.536159 
455.758 -206.159 -0.536584 
456.216 -206.431 -0.537009 
456.674 -206.702 -0.537434 
457.132 -206.974 -0.537858 
457.59 -207.246 -0.538283 
458.048 -207.517 -0.538708 
458.506 -207.789 -0.539132 
458.964 -208.06 -0.539557 
459.422 -208.332 -0.539982 
459.88 -208.604 -0.540406 
460.338 -208.875 -0.540831 
460.796 -209.147 -0.541256 
461.253 -209.418 -0.54168 
461.711 -209.69 -0.542105 
462.169 -209.962 -0.54253 
462.627 -210.233 -0.542954 
463.085 -210.505 -0.543379 
463.543 -210.776 -0.543804 
464.001 -211.048 -0.544228 
464.459 -211.32 -0.544653 
464.917 -211.591 -0.545078 
465.375 -211.863 -0.545502 
465.833 -212.135 -0.545927 
466.291 -212.406 -0.546352 
466.749 -212.678 -0.546777 
467.207 -212.949 -0.547201 
467.665 -213.221 -0.547626 
468.123 -213.493 -0.548051 
468.581 -213.764 -0.548475 
469.039 -214.036 -0.5489 
469.497 -214.307 -0.549325 
469.955 -214.579 -0.549749 
470.413 -214.851 -0.550174 
470.871 -215.122 -0.550599 
471.329 -215.394 -0.551023 
471.787 -215.665 -0.551448 
472.245 -215.937 -0.551873 
472.702 -216.209 -0.552297 
473.16 -216.48 -0.552722 
473.618 -216.752 -0.553147 
474.076 -217.023 -0.553571 
474.529 -217.315 -0.554001 
474.982 -217.606 -0.554431 
475.435 -217.898 -0.554861 
475.888 -218.19 -0.55529 
476.341 -218.481 -0.55572 
476.794 -218.773 -0.55615 
477.247 -219.064 -0.556579 
477.7 -219.356 -0.557009 
478.153 -219.647 -0.557439 
478.606 -219.939 -0.557868 
479.059 -220.23 -0.558298 
479.512 -220.522 -0.558728 
479.965 -220.813 -0.559157 
480.418 -221.105 -0.559587 
480.871 -221.396 -0.560017 
481.324 -221.688 -0.560446 
481.777 -221.979 -0.560876 
482.23 -222.271 -0.561306 
482.683 -222.563 -0.561735 
483.136 -222.854 -0.562165 
483.589 -223.146 -0.562595 
484.042 -223.437 -0.563024 
484.495 -223.729 -0.563454 
484.948 -224.02 -0.563884 
485.401 -224.312 -0.564313 
485.854 -224.603 -0.564743 
486.307 -224.895 -0.565173 
486.76 -225.186 -0.565603 
487.213 -225.478 -0.566032 
487.666 -225.769 -0.566462 
488.119 -226.061 -0.566892 
488.572 -226.352 -0.567321 
489.025 -226.644 -0.567751 
489.478 -226.936 -0.568181 
489.931 -227.227 -0.56861 
490.384 -227.519 -0.56904 
490.838 -227.81 -0.56947 
491.291 -228.102 -0.569899 
491.744 -228.393 -0.570329 
492.197 -228.685 -0.570759 
492.65 -228.976 -0.571188 
493.103 -229.268 -0.571618 
493.556 -229.559 -0.572048 
494.009 -229.851 -0.572477 
494.462 -230.142 -0.572907 
494.915 -230.434 -0.573337 
495.368 -230.725 -0.573766 
495.821 -231.017 -0.574196 
496.274 -231.309 -0.574626 
496.727 -231.6 -0.575055 
497.18 -231.892 -0.575485 
497.633 -232.183 -0.575915 
498.086 -232.475 -0.576345 
498.539 -232.766 -0.576774 
498.992 -233.058 -0.577204 
499.445 -233.349 -0.577634 
499.898 -233.641 -0.578063 
500.351 -233.932 -0.578493 
500.804 -234.224 -0.578923 
501.257 -234.515 -0.579352 
501.71 -234.807 -0.579782 
502.163 -235.098 -0.580212 
502.616 -235.39 -0.580641 
503.069 -235.682 -0.581071 
503.522 -235.973 -0.581501 
503.975 -236.265 -0.58193 
504.428 -236.556 -0.58236 
504.881 -236.848 -0.58279 
505.334 -237.139 -0.583219 
505.787 -237.431 -0.583649 
506.24 -237.722 -0.584079 
506.693 -238.014 -0.584508 
507.146 -238.305 -0.584938 
507.599 -238.597 -0.585368 
508.052 -238.888 -0.585797 
508.505 -239.18 -0.586227 
508.958 -239.472 -0.586657 
509.411 -239.763 -0.587087 
509.864 -240.055 -0.587516 
510.317 -240.346 -0.587946 
510.77 -240.638 -0.588376 
511.223 -240.929 -0.588805 
511.676 -241.221 -0.589235 
512.129 -241.512 -0.589665 
512.582 -241.804 -0.590094 
513.019 -242.108 -0.590519 
513.456 -242.412 -0.590944 
513.892 -242.717 -0.591368 
514.329 -243.021 -0.591793 
514.766 -243.325 -0.592218 
515.203 -243.63 -0.592642 
515.64 -243.934 -0.593067 
516.077 -244.238 -0.593492 
516.514 -244.542 -0.593916 
516.951 -244.847 -0.594341 
517.388 -245.151 -0.594766 
517.825 -245.455 -0.59519 
518.262 -245.76 -0.595615 
518.699 -246.064 -0.59604 
519.135 -246.368 -0.596465 
519.572 -246.673 -0.596889 
520.009 -246.977 -0.597314 
520.446 -247.281 -0.597739 
520.883 -247.586 -0.598163 
521.32 -247.89 -0.598588 
521.757 -248.194 -0.599013 
522.194 -248.498 -0.599437 
522.631 -248.803 -0.599862 
523.068 -249.107 -0.600287 
523.505 -249.411 -0.600711 
523.942 -249.716 -0.601136 
524.378 -250.02 -0.601561 
524.815 -250.324 -0.601985 
525.252 -250.629 -0.60241 
525.689 -250.933 -0.602835 
526.126 -251.237 -0.603259 
526.563 -251.541 -0.603684 
527 -251.846 -0.604109 
527.437 -252.15 -0.604534 
527.874 -252.454 -0.604958 
528.311 -252.759 -0.605383 
528.748 -253.063 -0.605808 
529.185 -253.367 -0.606232 
529.621 -253.672 -0.606657 
530.058 -253.976 -0.607082 
530.495 -254.28 -0.607506 
530.932 -254.584 -0.607931 
531.369 -254.889 -0.608356 
531.806 -255.193 -0.60878 
532.243 -255.497 -0.609205 
532.68 -255.802 -0.60963 
533.117 -256.106 -0.610054 
533.554 -256.41 -0.610479 
533.991 -256.715 -0.610904 
534.428 -257.019 -0.611328 
534.864 -257.323 -0.611753 
535.301 -257.627 -0.612178 
535.738 -257.932 -0.612603 
536.175 -258.236 -0.613027 
536.612 -258.54 -0.613452 
537.049 -258.845 -0.613877 
537.486 -259.149 -0.614301 
537.923 -259.453 -0.614726 
538.36 -259.758 -0.615151 
538.797 -260.062 -0.615575 
539.234 -260.366 -0.616 
539.671 -260.67 -0.616425 
540.107 -260.975 -0.616849 
540.544 -261.279 -0.617274 
540.981 -261.583 -0.617699 
541.418 -261.888 -0.618123 
541.855 -262.192 -0.618548 
542.292 -262.496 -0.618973 
542.729 -262.801 -0.619397 
543.166 -263.105 -0.619822 
543.603 -263.409 -0.620247 
544.04 -263.713 -0.620672 
544.477 -264.018 -0.621096 
544.914 -264.322 -0.621521 
545.35 -264.626 -0.621946 
545.787 -264.931 -0.62237 
546.224 -265.235 -0.622795 
546.661 -265.539 -0.62322 
547.098 -265.844 -0.623644 
547.535 -266.148 -0.624069 
547.972 -266.452 -0.624494 
548.409 -266.756 -0.624918 
548.846 -267.061 -0.625343 
549.283 -267.365 -0.625768 
549.72 -267.669 -0.626192 
550.157 -267.974 -0.626617 
549.75 -267.632 -0.629876 
549.344 -267.29 -0.633134 
548.938 -266.948 -0.636393 
548.532 -266.606 -0.639651 
548.126 -266.263 -0.64291 
547.72 -265.921 -0.646169 
547.314 -265.579 -0.649427 
546.907 -265.237 -0.652686 
546.501 -264.895 -0.655945 
546.095 -264.553 -0.659203 
545.689 -264.211 -0.662462 
545.283 -263.869 -0.66572 
544.877 -263.527 -0.668979 
544.471 -263.185 -0.672238 
544.064 -262.843 -0.675496 
543.658 -262.501 -0.678755 
543.252 -262.159 -0.682013 
542.846 -261.817 -0.685272 
542.44 -261.475 -0.688531 
542.034 -261.133 -0.691789 
541.628 -260.791 -0.695048 
541.221 -260.449 -0.698306 
540.815 -260.107 -0.701565 
540.409 -259.765 -0.704824 
540.003 -259.423 -0.708082 
539.597 -259.081 -0.711341 
539.191 -258.739 -0.714599 
538.785 -258.396 -0.717858 
538.378 -258.054 -0.721117 
537.972 -257.712 -0.724375 
537.566 -257.37 -0.727634 
537.16 -257.028 -0.730892 
536.754 -256.686 -0.734151 
536.348 -256.344 -0.73741 
535.942 -256.002 -0.740668 
535.535 -255.66 -0.743927 
535.129 -255.318 -0.747185 
534.723 -254.976 -0.750444 
534.317 -254.634 -0.753703 
533.911 -254.292 -0.756961 
533.505 -253.95 -0.76022 
533.099 -253.608 -0.763478 
532.692 -253.266 -0.766737 
532.286 -252.924 -0.769996 
531.88 -252.582 -0.773254 
531.528 -252.184 -0.776513 
531.177 -251.786 -0.779771 
530.825 -251.389 -0.78303 
530.473 -250.991 -0.786289 
530.121 -250.593 -0.789547 
529.769 -250.195 -0.792806 
529.418 -249.798 -0.796064 
529.066 -249.4 -0.799323 
528.714 -249.002 -0.802582 
528.362 -248.605 -0.80584 
528.01 -248.207 -0.809099 
527.659 -247.809 -0.812357 
527.307 -247.411 -0.815616 
526.955 -247.014 -0.818875 
526.603 -246.616 -0.822133 
526.251 -246.218 -0.825392 
525.899 -245.821 -0.828651 
525.548 -245.423 -0.831909 
525.196 -245.025 -0.835168 
524.844 -244.627 -0.838426 
524.492 -244.23 -0.841685 
524.14 -243.832 -0.844944 
523.789 -243.434 -0.848202 
523.437 -243.037 -0.851461 
523.085 -242.639 -0.854719 
522.733 -242.241 -0.857978 
522.381 -241.843 -0.861237 
522.03 -241.446 -0.864495 
521.678 -241.048 -0.867754 
521.326 -240.65 -0.871012 
520.974 -240.253 -0.874271 
520.622 -239.855 -0.87753 
520.271 -239.457 -0.880788 
519.919 -239.059 -0.884047 
519.567 -238.662 -0.887305 
519.215 -238.264 -0.890564 
518.863 -237.866 -0.893823 
518.512 -237.469 -0.897081 
518.16 -237.071 -0.90034 
517.808 -236.673 -0.903598 
517.456 -236.275 -0.906857 
517.104 -235.878 -0.910116 
516.753 -235.48 -0.913374 
516.401 -235.082 -0.916633 
516.049 -234.685 -0.919891 
516.362 -235.122 -0.920479 
516.676 -235.559 -0.921067 
516.989 -235.996 -0.921654 
517.302 -236.434 -0.922242 
517.616 -236.871 -0.92283 
517.929 -237.308 -0.923417 
518.243 -237.746 -0.924005 
518.556 -238.183 -0.924593 
518.869 -238.62 -0.92518 
519.183 -239.057 -0.925768 
519.496 -239.495 -0.926356 
519.809 -239.932 -0.926943 
520.123 -240.369 -0.927531 
520.436 -240.806 -0.928119 
520.75 -241.244 -0.928706 
521.063 -241.681 -0.929294 
521.376 -242.118 -0.929882 
521.69 -242.556 -0.930469 
522.003 -242.993 -0.931057 
522.316 -243.43 -0.931645 
522.63 -243.867 -0.932232 
522.943 -244.305 -0.93282 
523.257 -244.742 -0.933408 
523.57 -245.179 -0.933995 
523.883 -245.616 -0.934583 
524.197 -246.054 -0.935171 
524.51 -246.491 -0.935758 
524.823 -246.928 -0.936346 
525.137 -247.366 -0.936934 
525.45 -247.803 -0.937521 
525.764 -248.24 -0.938109 
526.077 -248.677 -0.938697 
526.39 -249.115 -0.939284 
526.704 -249.552 -0.939872 
527.017 -249.989 -0.94046 
527.33 -250.427 -0.941047 
527.644 -250.864 -0.941635 
527.957 -251.301 -0.942223 
528.271 -251.738 -0.94281 
528.584 -252.176 -0.943398 
528.897 -252.613 -0.943985 
529.211 -253.05 -0.944573 
529.524 -253.487 -0.945161 
529.837 -253.925 -0.945748 
530.151 -254.362 -0.946336 
530.464 -254.799 -0.946924 
530.778 -255.237 -0.947511 
531.091 -255.674 -0.948099 
531.404 -256.111 -0.948687 
531.718 -256.548 -0.949274 
532.031 -256.986 -0.949862 
532.344 -257.423 -0.95045 
532.658 -257.86 -0.951037 
532.971 -258.298 -0.951625 
533.285 -258.735 -0.952213 
533.598 -259.172 -0.9528 
533.911 -259.609 -0.953388 
534.225 -260.047 -0.953976 
534.538 -260.484 -0.954563 
534.851 -260.921 -0.955151 
535.165 -261.358 -0.955739 
535.478 -261.796 -0.956326 
535.792 -262.233 -0.956914 
536.105 -262.67 -0.957502 
536.418 -263.108 -0.958089 
536.732 -263.545 -0.958677 
537.045 -263.982 -0.959265 
537.359 -264.419 -0.959852 
537.672 -264.857 -0.96044 
537.985 -265.294 -0.961028 
538.299 -265.731 -0.961615 
538.612 -266.169 -0.962203 
538.925 -266.606 -0.962791 
539.239 -267.043 -0.963378 
539.552 -267.48 -0.963966 
539.866 -267.918 -0.964554 
540.179 -268.355 -0.965141 
540.492 -268.792 -0.965729 
540.806 -269.229 -0.966317 
541.119 -269.667 -0.966904 
541.432 -270.104 -0.967492 
541.746 -270.541 -0.96808 
542.059 -270.979 -0.968667 
542.373 -271.416 -0.969255 
542.686 -271.853 -0.969843 
542.999 -272.29 -0.97043 
543.313 -272.728 -0.971018 
543.626 -273.165 -0.971606 
543.939 -273.602 -0.972193 
544.253 -274.04 -0.972781 
544.566 -274.477 -0.973369 
544.88 -274.914 -0.973956 
545.193 -275.351 -0.974544 
545.506 -275.789 -0.975132 
545.82 -276.226 -0.975719 
546.133 -276.663 -0.976307 
546.446 -277.1 -0.976894 
546.76 -277.538 -0.977482 
547.073 -277.975 -0.97807 
547.361 -278.43 -0.978657 
547.648 -278.885 -0.979245 
547.935 -279.339 -0.979833 
548.223 -279.794 -0.98042 
548.51 -280.249 -0.981008 
548.798 -280.704 -0.981596 
549.085 -281.158 -0.982183 
549.373 -281.613 -0.982771 
549.66 -282.068 -0.983359 
549.947 -282.523 -0.983946 
550.235 -282.977 -0.984534 
550.522 -283.432 -0.985122 
550.81 -283.887 -0.985709 
551.097 -284.342 -0.986297 
551.384 -284.796 -0.986885 
551.672 -285.251 -0.987472 
551.959 -285.706 -0.98806 
552.247 -286.161 -0.988648 
552.534 -286.615 -0.989235 
552.822 -287.07 -0.989823 
553.109 -287.525 -0.990411 
553.396 -287.98 -0.990998 
553.684 -288.434 -0.991586 
553.971 -288.889 -0.992174 
554.259 -289.344 -0.992761 
554.546 -289.799 -0.993349 
554.834 -290.254 -0.993937 
555.121 -290.708 -0.994524 
555.408 -291.163 -0.995112 
555.696 -291.618 -0.9957 
555.983 -292.073 -0.996287 
556.271 -292.527 -0.996875 
556.558 -292.982 -0.997463 
556.845 -293.437 -0.99805 
557.133 -293.892 -0.998638 
557.42 -294.346 -0.999226 
557.708 -294.801 -0.999813 
557.995 -295.256 -1.0004 
558.283 -295.711 -1.00099 
558.57 -296.165 -1.00158 
558.857 -296.62 -1.00216 
559.145 -297.075 -1.00275 
559.432 -297.53 -1.00334 
559.72 -297.984 -1.00393 
560.007 -298.439 -1.00451 
560.295 -298.894 -1.0051 
560.582 -299.349 -1.00569 
560.869 -299.803 -1.00628 
561.157 -300.258 -1.00687 
561.444 -300.713 -1.00745 
561.732 -301.168 -1.00804 
562.019 -301.622 -1.00863 
562.306 -302.077 -1.00922 
562.594 -302.532 -1.0098 
562.881 -302.987 -1.01039 
563.169 -303.442 -1.01098 
563.456 -303.896 -1.01157 
563.744 -304.351 -1.01215 
564.031 -304.806 -1.01274 
564.318 -305.261 -1.01333 
564.606 -305.715 -1.01392 
564.893 -306.17 -1.0145 
565.181 -306.625 -1.01509 
565.468 -307.08 -1.01568 
565.756 -307.534 -1.01627 
566.043 -307.989 -1.01686 
566.33 -308.444 -1.01744 
566.618 -308.899 -1.01803 
566.905 -309.353 -1.01862 
567.193 -309.808 -1.01921 
567.48 -310.263 -1.01979 
567.767 -310.718 -1.02038 
568.055 -311.172 -1.02097 
568.342 -311.627 -1.02156 
568.63 -312.082 -1.02214 
568.917 -312.537 -1.02273 
569.205 -312.991 -1.02332 
569.492 -313.446 -1.02391 
569.779 -313.901 -1.0245 
570.067 -314.356 -1.02508 
570.354 -314.81 -1.02567 
570.642 -315.265 -1.02626 
570.929 -315.72 -1.02685 
571.217 -316.175 -1.02743 
571.504 -316.63 -1.02802 
571.791 -317.084 -1.02861 
572.079 -317.539 -1.0292 
572.366 -317.994 -1.02978 
572.654 -318.449 -1.03037 
572.941 -318.903 -1.03096 
573.228 -319.358 -1.03155 
573.516 -319.813 -1.03213 
573.803 -320.268 -1.03272 
574.091 -320.722 -1.03331 
574.378 -321.177 -1.0339 
574.666 -321.632 -1.03449 
574.953 -322.087 -1.03507 
575.24 -322.541 -1.03566 
575.528 -322.996 -1.03625 
575.786 -323.462 -1.03683 
576.044 -323.928 -1.03741 
576.301 -324.394 -1.03799 
576.559 -324.86 -1.03858 
576.817 -325.326 -1.03916 
577.075 -325.792 -1.03974 
577.333 -326.258 -1.04032 
577.591 -326.724 -1.0409 
577.849 -327.19 -1.04148 
578.107 -327.656 -1.04207 
578.365 -328.122 -1.04265 
578.622 -328.588 -1.04323 
578.88 -329.054 -1.04381 
579.138 -329.52 -1.04439 
579.396 -329.986 -1.04498 
579.654 -330.452 -1.04556 
579.912 -330.918 -1.04614 
580.17 -331.384 -1.04672 
580.428 -331.85 -1.0473 
580.686 -332.316 -1.04788 
580.943 -332.782 -1.04847 
581.201 -333.248 -1.04905 
581.459 -333.714 -1.04963 
581.717 -334.18 -1.05021 
581.975 -334.646 -1.05079 
582.233 -335.112 -1.05137 
582.491 -335.578 -1.05196 
582.749 -336.044 -1.05254 
583.007 -336.51 -1.05312 
583.264 -336.976 -1.0537 
583.522 -337.442 -1.05428 
583.78 -337.908 -1.05487 
584.038 -338.374 -1.05545 
584.296 -338.84 -1.05603 
584.554 -339.306 -1.05661 
584.812 -339.772 -1.05719 
585.07 -340.238 -1.05777 
585.328 -340.704 -1.05836 
585.585 -341.17 -1.05894 
585.843 -341.636 -1.05952 
586.101 -342.102 -1.0601 
586.359 -342.568 -1.06068 
586.617 -343.034 -1.06126 
586.875 -343.5 -1.06185 
587.133 -343.966 -1.06243 
587.391 -344.432 -1.06301 
587.648 -344.898 -1.06359 
587.906 -345.364 -1.06417 
588.164 -345.83 -1.06476 
588.422 -346.296 -1.06534 
588.68 -346.762 -1.06592 
588.938 -347.228 -1.0665 
589.196 -347.694 -1.06708 
589.454 -348.16 -1.06766 
589.712 -348.626 -1.06825 
589.969 -349.092 -1.06883 
590.227 -349.558 -1.06941 
590.485 -350.024 -1.06999 
590.743 -350.49 -1.07057 
591.001 -350.956 -1.07116 
591.259 -351.422 -1.07174 
591.517 -351.888 -1.07232 
591.775 -352.354 -1.0729 
592.033 -352.82 -1.07348 
592.29 -353.286 -1.07406 
592.548 -353.752 -1.07465 
592.806 -354.218 -1.07523 
593.064 -354.684 -1.07581 
593.322 -355.15 -1.07639 
593.58 -355.616 -1.07697 
593.838 -356.082 -1.07755 
594.096 -356.548 -1.07814 
594.354 -357.014 -1.07872 
594.611 -357.48 -1.0793 
594.869 -357.946 -1.07988 
595.127 -358.412 -1.08046 
595.385 -358.878 -1.08105 
595.643 -359.344 -1.08163 
595.901 -359.81 -1.08221 
596.159 -360.276 -1.08279 
596.417 -360.742 -1.08337 
596.675 -361.208 -1.08395 
596.932 -361.674 -1.08454 
597.19 -362.14 -1.08512 
597.448 -362.606 -1.0857 
597.706 -363.072 -1.08628 
597.964 -363.538 -1.08686 
598.222 -364.004 -1.08745 
598.48 -364.47 -1.08803 
598.738 -364.936 -1.08861 
598.996 -365.402 -1.08919 
599.253 -365.868 -1.08977 
599.511 -366.334 -1.09035 
599.769 -366.8 -1.09094 
600.027 -367.266 -1.09152 
600.285 -367.732 -1.0921 
600.543 -368.198 -1.09268 
600.801 -368.664 -1.09326 
601.059 -369.13 -1.09384 
601.317 -369.596 -1.09443 
601.549 -370.081 -1.09501 
601.782 -370.566 -1.0956 
602.015 -371.051 -1.09619 
602.247 -371.536 -1.09678 
602.48 -372.021 -1.09736 
602.713 -372.506 -1.09795 
602.945 -372.991 -1.09854 
603.178 -373.476 -1.09913 
603.411 -373.961 -1.09972 
603.643 -374.446 -1.1003 
603.876 -374.931 -1.10089 
604.109 -375.416 -1.10148 
604.341 -375.901 -1.10207 
604.574 -376.386 -1.10265 
604.807 -376.871 -1.10324 
605.039 -377.356 -1.10383 
605.272 -377.842 -1.10442 
605.505 -378.327 -1.105 
605.737 -378.812 -1.10559 
605.97 -379.297 -1.10618 
606.203 -379.782 -1.10677 
606.436 -380.267 -1.10736 
606.668 -380.752 -1.10794 
606.901 -381.237 -1.10853 
607.134 -381.722 -1.10912 
607.366 -382.207 -1.10971 
607.599 -382.692 -1.11029 
607.832 -383.177 -1.11088 
608.064 -383.662 -1.11147 
608.297 -384.147 -1.11206 
608.53 -384.632 -1.11264 
608.762 -385.117 -1.11323 
608.995 -385.602 -1.11382 
609.228 -386.087 -1.11441 
609.46 -386.572 -1.11499 
609.693 -387.058 -1.11558 
609.926 -387.543 -1.11617 
610.158 -388.028 -1.11676 
610.391 -388.513 -1.11735 
610.624 -388.998 -1.11793 
610.856 -389.483 -1.11852 
611.089 -389.968 -1.11911 
611.322 -390.453 -1.1197 
611.555 -390.938 -1.12028 
611.787 -391.423 -1.12087 
612.02 -391.908 -1.12146 
612.253 -392.393 -1.12205 
612.485 -392.878 -1.12263 
612.718 -393.363 -1.12322 
612.951 -393.848 -1.12381 
613.183 -394.333 -1.1244 
613.416 -394.818 -1.12499 
613.649 -395.303 -1.12557 
613.881 -395.788 -1.12616 
614.114 -396.273 -1.12675 
614.347 -396.759 -1.12734 
614.579 -397.244 -1.12792 
614.812 -397.729 -1.12851 
615.045 -398.214 -1.1291 
615.277 -398.699 -1.12969 
615.51 -399.184 -1.13027 
615.743 -399.669 -1.13086 
615.975 -400.154 -1.13145 
616.208 -400.639 -1.13204 
616.441 -401.124 -1.13262 
616.674 -401.609 -1.13321 
616.906 -402.094 -1.1338 
617.139 -402.579 -1.13439 
617.372 -403.064 -1.13498 
617.604 -403.549 -1.13556 
617.837 -404.034 -1.13615 
618.07 -404.519 -1.13674 
618.302 -405.004 -1.13733 
618.535 -405.489 -1.13791 
618.768 -405.975 -1.1385 
619 -406.46 -1.13909 
619.233 -406.945 -1.13968 
619.466 -407.43 -1.14026 
619.698 -407.915 -1.14085 
619.931 -408.4 -1.14144 
620.164 -408.885 -1.14203 
620.396 -409.37 -1.14261 
620.629 -409.855 -1.1432 
620.862 -410.34 -1.14379 
621.094 -410.825 -1.14438 
621.327 -411.31 -1.14497 
621.56 -411.795 -1.14555 
621.793 -412.28 -1.14614 
622.025 -412.765 -1.14673 
622.258 -413.25 -1.14732 
622.491 -413.735 -1.1479 
622.723 -414.22 -1.14849 
622.956 -414.705 -1.14908 
623.189 -415.191 -1.14967 
623.421 -415.676 -1.15025 
623.654 -416.161 -1.15084 
623.887 -416.646 -1.15143 
624.119 -417.131 -1.15202 
624.352 -417.616 -1.15261 
624.214 -417.114 -1.16504 
624.076 -416.613 -1.17748 
623.937 -416.112 -1.18991 
623.799 -415.61 -1.20235 
623.661 -415.109 -1.21478 
623.523 -414.608 -1.22722 
623.385 -414.106 -1.23965 
623.246 -413.605 -1.25209 
623.108 -413.103 -1.26452 
622.97 -412.602 -1.27696 
622.832 -412.101 -1.28939 
622.694 -411.599 -1.30183 
622.555 -411.098 -1.31426 
622.417 -410.597 -1.3267 
622.279 -410.095 -1.33913 
622.141 -409.594 -1.35157 
622.003 -409.093 -1.364 
621.864 -408.591 -1.37644 
621.726 -408.09 -1.38887 
621.588 -407.588 -1.40131 
621.45 -407.087 -1.41375 
621.312 -406.586 -1.42618 
621.173 -406.084 -1.43862 
621.035 -405.583 -1.45105 
621.051 -405.063 -1.46349 
621.066 -404.543 -1.47592 
621.081 -404.023 -1.48836 
621.097 -403.504 -1.50079 
621.112 -402.984 -1.51323 
621.127 -402.464 -1.52566 
621.142 -401.944 -1.5381 
621.158 -401.424 -1.55053 
621.173 -400.904 -1.56297 
621.188 -400.385 -1.5754 
621.204 -399.865 -1.58784 
621.219 -399.345 -1.60027 
621.234 -398.825 -1.61271 
621.25 -398.305 -1.62514 
621.265 -397.785 -1.63758 
621.28 -397.265 -1.65001 
621.296 -396.746 -1.66245 
621.311 -396.226 -1.67488 
621.326 -395.706 -1.68732 
621.342 -395.186 -1.69976 
621.357 -394.666 -1.71219 
621.372 -394.146 -1.72463 
621.388 -393.627 -1.73706 
621.403 -393.107 -1.7495 
621.578 -392.593 -1.76247 
621.753 -392.079 -1.77545 
621.927 -391.565 -1.78842 
622.102 -391.052 -1.8014 
622.277 -390.538 -1.81438 
622.452 -390.024 -1.82735 
622.627 -389.51 -1.84033 
622.801 -388.997 -1.8533 
622.976 -388.483 -1.86628 
623.151 -387.969 -1.87926 
623.326 -387.455 -1.89223 
623.5 -386.942 -1.90521 
623.675 -386.428 -1.91818 
623.85 -385.914 -1.93116 
624.025 -385.4 -1.94413 
624.2 -384.887 -1.95711 
624.374 -384.373 -1.97009 
624.549 -383.859 -1.98306 
624.724 -383.345 -1.99604 
624.899 -382.832 -2.00901 
625.074 -382.318 -2.02199 
625.248 -381.804 -2.03497 
625.423 -381.29 -2.04794 
625.728 -380.869 -2.06038 
626.033 -380.448 -2.07281 
626.338 -380.026 -2.08525 
626.643 -379.605 -2.09768 
626.947 -379.184 -2.11012 
627.252 -378.762 -2.12255 
627.557 -378.341 -2.13499 
627.862 -377.92 -2.14742 
628.167 -377.498 -2.15986 
628.472 -377.077 -2.17229 
628.777 -376.656 -2.18473 
629.082 -376.234 -2.19716 
629.386 -375.813 -2.2096 
629.691 -375.392 -2.22204 
629.996 -374.97 -2.23447 
630.301 -374.549 -2.24691 
630.606 -374.128 -2.25934 
630.911 -373.706 -2.27178 
631.216 -373.285 -2.28421 
631.52 -372.863 -2.29665 
631.825 -372.442 -2.30908 
632.13 -372.021 -2.32152 
632.435 -371.599 -2.33395 
632.74 -371.178 -2.34639 
632.346 -371.533 -2.3497 
631.951 -371.887 -2.35302 
631.557 -372.241 -2.35634 
631.163 -372.596 -2.35965 
630.769 -372.95 -2.36297 
630.374 -373.305 -2.36629 
629.98 -373.659 -2.3696 
629.586 -374.013 -2.37292 
629.191 -374.368 -2.37624 
628.797 -374.722 -2.37955 
628.403 -375.077 -2.38287 
628.009 -375.431 -2.38619 
627.614 -375.785 -2.3895 
627.22 -376.14 -2.39282 
626.826 -376.494 -2.39614 
626.431 -376.849 -2.39945 
626.037 -377.203 -2.40277 
625.643 -377.557 -2.40609 
625.249 -377.912 -2.4094 
624.854 -378.266 -2.41272 
624.46 -378.621 -2.41604 
624.066 -378.975 -2.41935 
623.671 -379.33 -2.42267 
623.277 -379.684 -2.42599 
622.883 -380.038 -2.4293 
622.489 -380.393 -2.43262 
622.094 -380.747 -2.43594 
621.7 -381.102 -2.43925 
621.306 -381.456 -2.44257 
620.911 -381.81 -2.44588 
620.517 -382.165 -2.4492 
620.123 -382.519 -2.45252 
619.729 -382.874 -2.45583 
619.334 -383.228 -2.45915 
618.94 -383.582 -2.46247 
618.546 -383.937 -2.46578 
618.151 -384.291 -2.4691 
617.757 -384.646 -2.47242 
617.297 -384.964 -2.47592 
616.837 -385.283 -2.47942 
616.377 -385.602 -2.48292 
615.918 -385.921 -2.48642 
615.458 -386.24 -2.48992 
614.998 -386.559 -2.49342 
614.538 -386.877 -2.49692 
614.078 -387.196 -2.50042 
613.618 -387.515 -2.50392 
613.158 -387.834 -2.50743 
612.698 -388.153 -2.51093 
612.238 -388.471 -2.51443 
611.778 -388.79 -2.51793 
611.318 -389.109 -2.52143 
610.859 -389.428 -2.52493 
610.399 -389.747 -2.52843 
609.939 -390.066 -2.53193 
609.479 -390.384 -2.53543 
609.019 -390.703 -2.53893 
608.559 -391.022 -2.54243 
608.099 -391.341 -2.54593 
607.639 -391.66 -2.54944 
607.179 -391.978 -2.55294 
606.719 -392.297 -2.55644 
606.259 -392.616 -2.55994 
605.8 -392.935 -2.56344 
605.34 -393.254 -2.56694 
604.88 -393.573 -2.57044 
604.42 -393.891 -2.57394 
603.96 -394.21 -2.57744 
603.5 -394.529 -2.58094 
603.04 -394.848 -2.58444 
602.58 -395.167 -2.58794 
602.12 -395.485 -2.59145 
601.66 -395.804 -2.59495 
601.2 -396.123 -2.59845 

